1096
155050.597119
47696.526433
22717.829415
14175.120388
11609.966403
10348.254034
9876.173585
6991.380177
5889.158939
5655.924538
4938.860705
4803.170693
4373.391331
4232.942577
4058.698620
3587.003810
3266.566440
3104.249066
2878.472242
2818.423819
2669.450665
2558.788491
2464.166596
2348.813333
2252.863011
2204.779953
2146.411507
2089.312369
2035.961752
1963.284931
1893.025693
1810.980856
1771.172004
1715.641490
1669.283050
1613.379573
1584.956987
1538.542342
1515.184015
1447.093779
1426.202650
1398.484470
1352.759339
1309.650241
1285.426742
1257.010053
1215.904496
1197.953552
1153.604824
1112.142470
1103.459316
1086.061931
1076.648692
1052.981073
1040.443714
1012.419667
988.601542
981.229961
956.409045
935.874258
910.516947
904.325314
891.963127
855.543329
833.429867
808.838819
797.299330
776.088415
771.877378
757.064102
744.189413
727.920118
722.677914
715.098718
700.697566
694.845175
682.645765
665.067065
648.787833
638.403045
624.072376
619.551443
609.186977
605.982392
597.990430
582.280743
564.838725
561.534034
553.647669
541.990715
536.433232
521.241362
516.933794
515.433724
509.466671
500.952571
494.926462
487.031627
477.800617
476.957065
466.930738
457.074825
454.400828
450.778764
445.909540
436.130765
435.164323
423.119677
419.986099
417.461712
405.970033
400.984519
394.565828
392.520445
383.585294
379.976918
373.055479
372.137720
366.684415
360.606938
354.779542
349.585697
341.646765
337.527779
334.206675
332.218693
328.956655
323.643265
320.946470
312.115985
310.958332
306.225979
302.512850
297.056287
295.771492
291.335057
288.914815
283.624727
278.874151
277.454013
276.183782
270.701184
268.427395
263.812755
260.367739
258.748700
253.947838
252.105378
249.150728
245.725450
242.546750
239.844666
235.822539
230.736924
227.625010
226.378360
226.217902
223.810310
220.642588
218.079600
216.520623
213.782951
210.318401
208.823727
206.657237
203.581467
199.203027
197.960437
193.126447
192.097223
189.077328
186.962984
184.965216
181.222168
179.487039
176.340343
175.345255
173.180998
170.771303
167.802277
164.139647
163.790637
161.076213
160.339594
156.699783
156.346827
153.248571
151.498675
148.570088
147.470709
146.316191
143.737391
140.974130
138.462429
136.046698
135.759890
133.619703
130.359876
129.664868
129.035661
126.604289
124.794359
124.592566
123.652528
120.022235
117.727160
117.312637
114.322268
113.246708
112.589846
109.505942
108.340568
107.502098
105.716566
104.610187
103.424214
101.120586
100.461626
99.045792
97.312130
95.424227
91.711682
91.382324
89.991549
88.241563
87.857774
86.423848
84.833077
84.512239
83.909940
82.646210
80.517369
79.473200
78.401777
77.073347
76.049376
75.194890
72.948323
72.143842
71.751087
70.656521
68.664506
67.834768
67.354877
66.149713
65.003916
64.812492
64.379512
62.854179
62.075493
60.184312
59.931124
58.212117
57.599093
55.974311
54.819266
54.739099
53.336462
52.392098
51.317507
49.790000
49.344322
48.206441
46.872389
45.896453
45.569215
44.341606
44.281929
43.820345
42.573506
40.995130
40.279977
40.083231
38.422747
37.590522
37.280191
35.992364
35.864672
34.949117
34.794220
33.209722
32.427928
31.883117
30.949793
30.000119
29.003276
28.704845
26.987947
26.626036
24.961515
24.631831
24.174716
22.883951
22.177014
21.797446
21.132802
20.889865
20.724735
20.565957
20.238513
20.059530
19.865111
19.605081
19.360695
19.226523
19.118231
19.107458
19.082777
18.968355
18.896089
18.815424
18.766706
18.647886
18.625138
18.553733
18.526029
18.457043
18.406920
18.348819
18.308925
18.259791
18.206039
18.169258
18.140081
18.119998
18.077042
18.065975
18.030267
18.001688
17.940343
17.855959
17.828887
17.783125
17.755310
17.709470
17.692278
17.669601
17.607442
17.591957
17.532842
17.507194
17.483610
17.440617
17.370090
17.323290
17.300922
17.282459
17.232738
17.221794
17.193498
17.174372
17.146750
17.121439
17.093876
17.048379
17.036355
17.002905
16.964313
16.927108
16.910225
16.888075
16.869264
16.854643
16.791779
16.782735
16.749490
16.736383
16.716756
16.675747
16.644418
16.627503
16.605436
16.571858
16.524604
16.518883
16.482465
16.455543
16.451272
16.383065
16.363476
16.348750
16.309165
16.297421
16.289218
16.257086
16.241646
16.232515
16.163176
16.143775
16.128015
16.108329
16.058814
16.034395
16.014775
15.984455
15.949334
15.918653
15.902551
15.879530
15.857361
15.841586
15.792237
15.785494
15.771338
15.755365
15.722677
15.691962
15.662355
15.651820
15.613456
15.584451
15.540540
15.521499
15.512878
15.495567
15.475247
15.439018
15.419484
15.408412
15.400444
15.365229
15.350897
15.294064
15.282439
15.255206
15.227508
15.211314
15.203367
15.184111
15.165716
15.130385
15.090563
15.073136
15.046690
15.042706
15.037425
14.989782
14.971258
14.960371
14.934102
14.914407
14.893719
14.868302
14.842743
14.818448
14.794173
14.778394
14.737592
14.718325
14.715052
14.677198
14.651662
14.590170
14.585083
14.569560
14.547000
14.525612
14.499188
14.489205
14.478995
14.475348
14.442886
14.431379
14.409141
14.385169
14.370712
14.336392
14.321400
14.306169
14.286493
14.257107
14.244264
14.224351
14.217616
14.196089
14.156013
14.140068
14.127149
14.096174
14.074697
14.048194
14.037318
14.012161
13.998736
13.988221
13.949903
13.930910
13.922126
13.895752
13.874081
13.849361
13.819364
13.803157
13.786445
13.770076
13.754587
13.737919
13.720434
13.689678
13.674575
13.649132
13.635189
13.597553
13.591776
13.572574
13.548938
13.540456
13.514602
13.495614
13.476626
13.457603
13.441549
13.430391
13.409676
13.374367
13.367613
13.361684
13.347338
13.317836
13.294390
13.278868
13.245698
13.236144
13.215610
13.195958
13.169996
13.163683
13.138143
13.128099
13.124680
13.101675
13.055640
13.042294
12.993908
12.976584
12.975241
12.968099
12.935978
12.935401
12.925149
12.904470
12.890487
12.870671
12.829260
12.806875
12.797749
12.788060
12.779069
12.754606
12.720884
12.708026
12.680265
12.671543
12.656848
12.635514
12.630989
12.606406
12.567568
12.556561
12.544888
12.536271
12.517962
12.483201
12.469899
12.459209
12.438173
12.422636
12.406647
12.395086
12.350147
12.343869
12.318992
12.305316
12.297492
12.270186
12.267230
12.247784
12.228503
12.214344
12.197675
12.167351
12.144193
12.127640
12.119757
12.103339
12.085721
12.061160
12.059367
12.032077
12.005516
11.990272
11.975357
11.972683
11.949093
11.931829
11.925233
11.892524
11.875809
11.863536
11.851557
11.802115
11.799822
11.791021
11.768710
11.752016
11.733028
11.724289
11.707053
11.696526
11.671898
11.646819
11.630285
11.612082
11.600028
11.564626
11.559170
11.543704
11.531690
11.514777
11.479773
11.469793
11.461042
11.448411
11.423259
11.405179
11.386013
11.359002
11.345974
11.328600
11.315620
11.287530
11.276715
11.269816
11.253954
11.218847
11.199242
11.176651
11.172108
11.165903
11.145758
11.124301
11.103301
11.088452
11.076397
11.068961
11.057763
11.030225
11.017950
10.997497
10.983947
10.972266
10.937777
10.916399
10.911457
10.866624
10.847926
10.837590
10.814451
10.809348
10.795056
10.766512
10.753281
10.732131
10.713324
10.705630
10.687152
10.675019
10.667190
10.656200
10.640116
10.620184
10.591302
10.574905
10.562186
10.547858
10.533596
10.513944
10.493093
10.464541
10.464004
10.445127
10.398748
10.388166
10.378014
10.363833
10.344724
10.334873
10.319839
10.308534
10.281031
10.273201
10.251144
10.237586
10.220365
10.217323
10.206585
10.196758
10.162392
10.150481
10.133202
10.122240
10.113271
10.096602
10.079416
10.061127
10.037454
10.022742
10.007877
9.987561
9.951357
9.941787
9.938715
9.917604
9.912106
9.877626
9.852571
9.845021
9.821787
9.799413
9.790877
9.785617
9.776318
9.740337
9.727802
9.704211
9.702518
9.685574
9.664010
9.650749
9.639382
9.609645
9.591158
9.584221
9.570911
9.529902
9.523648
9.506531
9.499909
9.487414
9.482824
9.466510
9.460891
9.442848
9.404469
9.394927
9.390378
9.365262
9.351936
9.343158
9.314500
9.305936
9.290476
9.256788
9.253672
9.245987
9.225419
9.187121
9.179665
9.168175
9.141820
9.137317
9.126920
9.081180
9.074067
9.059475
9.050870
9.020135
9.010767
9.009577
8.992330
8.966627
8.958248
8.944322
8.931637
8.916518
8.895152
8.890781
8.873133
8.854744
8.834735
8.830890
8.805195
8.792362
8.776697
8.765654
8.745409
8.728860
8.725020
8.697166
8.686532
8.652190
8.637621
8.623120
8.606010
8.592896
8.580323
8.554541
8.536161
8.515228
8.508750
8.495782
8.481995
8.475695
8.461326
8.453215
8.438648
8.418268
8.405280
8.375588
8.362565
8.358315
8.339577
8.321043
8.294316
8.289227
8.268678
8.263016
8.246610
8.222088
8.213550
8.191079
8.181812
8.149941
8.141663
8.133739
8.130326
8.109791
8.094204
8.062455
8.038019
8.031917
8.005643
7.987080
7.982702
7.974493
7.941904
7.929023
7.916754
7.893550
7.877273
7.863895
7.862545
7.849330
7.831821
7.803950
7.794958
7.774499
7.757400
7.745251
7.740195
7.710832
7.710574
7.678852
7.674598
7.671062
7.630013
7.616718
7.612342
7.599421
7.593157
7.567248
7.548792
7.542921
7.526376
7.510626
7.493565
7.462216
7.456286
7.439765
7.434714
7.397503
7.372792
7.368857
7.343877
7.328294
7.324388
7.312413
7.274837
7.260264
7.254522
7.221797
7.209224
7.205820
7.187087
7.183370
7.170454
7.155588
7.142720
7.124229
7.120531
7.090107
7.082718
7.071066
7.064441
7.052192
7.029745
7.005674
7.002542
6.969392
6.957718
6.932575
6.910139
6.886427
6.874048
6.847218
6.841848
6.818867
6.802776
6.778210
6.773366
6.758158
6.757611
6.746574
6.720994
6.685469
6.683624
6.673940
6.638280
6.630820
6.614518
6.610437
6.598070
6.575817
6.561253
6.536120
6.521850
6.498918
6.486010
6.473703
6.470052
6.440801
6.437169
6.407542
6.392295
6.385459
6.366575
6.352569
6.341078
6.321045
6.303319
6.282407
6.275978
6.265170
6.236835
6.223869
6.212512
6.196874
6.176385
6.165595
6.164288
6.138787
6.124088
6.112380
6.086245
6.079426
6.060070
6.047007
6.024111
6.005236
5.998263
5.962433
5.934860
5.930279
5.916531
5.891175
5.873410
5.869520
5.864441
5.850269
5.842420
5.813713
5.777347
5.770607
5.746826
5.737495
5.723549
5.697334
5.692973
5.667951
5.655185
5.646241
5.616944
5.607351
5.597594
5.565177
5.553597
5.542662
5.533869
5.524746
5.520038
5.475466
5.461604
5.443846
5.426603
5.412768
5.392811
5.388657
5.361470
5.355504
5.312793
5.297228
5.280555
5.272533
5.239468
5.224474
5.220408
5.210516
5.202360
5.175527
5.172455
5.152979
5.106408
5.092494
5.066414
5.056429
5.048438
5.025838
5.014652
4.995937
4.987265
4.972015
4.951197
4.941651
4.928212
4.897095
4.888552
4.878987
4.849223
4.832931
4.814390
4.794984
4.777476
4.751778
4.745908
4.718425
4.707980
4.687342
4.661580
4.653879
4.637544
4.625650
4.596197
4.562918
4.543426
4.540962
4.529656
4.487212
4.485753
4.460401
4.441722
4.430742
4.419416
4.381966
4.366915
4.358308
4.334426
4.322371
4.295046
4.266207
4.246171
4.226452
4.172112
4.165797
4.150805
4.123147
4.112757
4.096497
4.084515
4.070965
4.044846
4.023105
3.982659
3.967772
3.926512
3.898748
3.876017
3.860159
3.858199
3.828840
3.808873
3.771407
3.742960
3.688452
3.670569
3.633263
3.599251
3.570348
3.528533
3.515445
3.477489
3.449244
3.419263
3.375415
3.247325
0.000000
0.000000
