1096
152529.147062
41751.442014
19868.134563
15966.704305
13898.928010
10439.916202
9590.017512
8036.917008
6139.484263
5483.157332
5222.598553
4380.750038
4170.985300
3936.804720
3756.472587
3607.442386
3442.018667
2982.640857
2838.900358
2718.375166
2624.926790
2513.719915
2436.117854
2307.884018
2219.624068
2117.864301
2031.486944
1931.030971
1852.896264
1784.131021
1743.873564
1673.833591
1640.630250
1579.420824
1517.723462
1479.686642
1439.612950
1396.740069
1371.518950
1329.414198
1307.255993
1251.685155
1231.677663
1205.969267
1190.752891
1164.772627
1145.595395
1123.300793
1086.329101
1051.260731
1027.086758
1004.797767
995.091082
971.142980
947.279784
931.189377
895.301140
885.529677
866.853502
860.280630
844.092456
829.506311
815.658580
806.220662
789.895848
775.015243
757.259276
736.313310
726.645652
720.195837
700.683740
692.478265
682.273692
678.123007
675.905362
663.435315
654.074690
647.414480
635.431600
628.328094
609.693274
605.015699
593.432597
582.200091
572.207169
570.285975
555.460341
547.759841
535.695156
531.505150
530.509367
523.272271
517.375341
514.949650
504.168759
495.069105
488.163516
484.621668
477.199106
468.025009
465.805912
458.993819
455.225917
451.061717
446.440658
442.272104
436.859496
430.653623
428.391314
422.019676
407.464994
403.022720
400.800626
394.221319
384.803896
379.976848
373.359218
372.035135
370.063413
367.826794
363.542236
361.378852
355.723070
351.975949
345.070675
334.970749
334.778001
327.165669
326.663400
320.512085
318.954341
316.871401
313.204053
307.872351
304.278952
302.057569
299.824732
292.972807
288.221420
286.944304
279.644589
274.434237
272.667067
269.285731
267.847684
263.996453
260.982258
259.166550
256.884580
252.487387
246.734495
244.523944
241.580222
240.387745
235.036593
233.640059
227.609438
227.128260
226.437572
222.976215
221.916738
218.308235
217.463053
212.561531
212.162696
208.274343
204.115371
201.974728
199.889068
197.300606
194.628532
192.246006
189.509804
188.359710
187.560355
185.220585
182.034173
180.857774
178.262640
176.598306
175.656689
171.060124
169.729697
167.988080
166.538161
161.141509
160.034652
158.028057
156.675788
155.738998
152.014024
149.449781
148.510644
146.130353
143.822113
142.706855
139.834037
139.189516
135.634883
135.344561
132.681931
131.414715
129.226160
128.744170
127.339011
125.128682
123.073598
121.590917
120.238090
119.456277
117.830935
115.920396
114.217620
111.997646
108.053037
107.393339
105.952897
104.075926
103.655629
102.323217
100.897010
100.387806
99.803323
96.886295
94.649750
93.471658
92.276921
91.810226
90.062454
89.475982
87.675328
86.184247
84.671639
84.386583
83.023442
81.737555
80.536973
78.990650
78.057053
76.567004
76.263972
75.693340
72.999760
71.134823
70.519528
69.982635
68.399352
67.351176
66.466976
64.357139
63.850210
62.832923
62.191870
60.742951
59.963824
59.493513
57.895894
56.491512
55.678463
55.099973
55.029895
53.608087
53.388678
51.694363
49.214205
48.786310
47.581898
46.653905
45.779339
44.753409
43.644717
43.128409
41.637587
40.552833
40.270825
39.107191
38.693986
38.470327
36.897243
36.247729
35.541395
34.696767
34.128342
32.930419
32.333944
31.619594
31.045519
30.066102
29.762013
29.111535
28.956006
27.906571
27.574942
27.190769
25.968651
24.910542
24.322864
23.632370
23.456966
22.873748
22.298835
21.809827
21.492381
21.226386
20.264834
20.173220
19.941792
19.653180
19.634761
19.251634
19.126349
18.988486
18.940909
18.864221
18.800994
18.785063
18.712786
18.651408
18.589465
18.530186
18.450856
18.426655
18.393384
18.301622
18.246584
18.211911
18.186368
18.135488
18.103614
18.064600
18.015437
17.964844
17.912210
17.897604
17.816569
17.786954
17.776594
17.713123
17.638563
17.629612
17.612081
17.599044
17.563354
17.527846
17.461184
17.422831
17.403516
17.344577
17.322681
17.282784
17.253319
17.229853
17.206365
17.190207
17.149414
17.137840
17.128133
17.084920
17.050136
17.019292
16.998047
16.954079
16.913288
16.890092
16.860603
16.848063
16.819457
16.767896
16.741767
16.720729
16.689151
16.678265
16.652754
16.600234
16.580274
16.546116
16.532649
16.485669
16.455773
16.438871
16.424369
16.394900
16.359818
16.346659
16.318504
16.296069
16.242192
16.210477
16.185644
16.168249
16.160373
16.135705
16.126396
16.086584
16.061020
16.030730
16.014350
15.993764
15.965885
15.945006
15.925977
15.911882
15.871543
15.867482
15.814975
15.778327
15.766900
15.740238
15.732199
15.709610
15.655684
15.638030
15.616116
15.605552
15.586477
15.575343
15.535676
15.523169
15.489503
15.471920
15.460107
15.417963
15.399250
15.342615
15.324791
15.298334
15.275687
15.262466
15.237808
15.216114
15.194480
15.166843
15.133622
15.098795
15.088505
15.072187
15.056182
15.036513
15.008968
14.999124
14.978470
14.949255
14.936793
14.913483
14.908491
14.881137
14.825585
14.804128
14.793867
14.780118
14.766443
14.734238
14.691483
14.675615
14.652080
14.634536
14.618046
14.610434
14.570553
14.563251
14.522672
14.519280
14.493179
14.478787
14.468940
14.425741
14.411628
14.398131
14.378914
14.370375
14.341626
14.313135
14.279402
14.256702
14.248422
14.231482
14.183732
14.164773
14.139959
14.129240
14.113086
14.112005
14.083524
14.065633
14.058185
14.023764
14.016578
13.965238
13.953102
13.931397
13.916204
13.906798
13.874879
13.866109
13.837096
13.795521
13.788765
13.784481
13.770598
13.715508
13.702571
13.695085
13.668849
13.657640
13.630768
13.593266
13.584352
13.557749
13.539911
13.522197
13.510506
13.505099
13.482328
13.465505
13.427592
13.416513
13.407685
13.380704
13.369041
13.317006
13.301764
13.284995
13.271934
13.238204
13.224352
13.219864
13.181096
13.168560
13.161649
13.135520
13.127658
13.103694
13.085802
13.068450
13.053250
13.035144
13.009350
12.988634
12.975759
12.965824
12.932998
12.914977
12.911618
12.893771
12.859698
12.850138
12.823815
12.802001
12.788901
12.766787
12.751564
12.744771
12.720728
12.699475
12.664388
12.643210
12.616350
12.608336
12.590175
12.558025
12.538185
12.518042
12.506117
12.497142
12.474589
12.457734
12.448841
12.419328
12.399959
12.382322
12.366265
12.335221
12.333365
12.318737
12.286896
12.278186
12.262492
12.232022
12.229524
12.202955
12.196279
12.166017
12.144793
12.134874
12.119231
12.098895
12.086915
12.073449
12.058545
12.041767
12.016026
12.001609
11.973438
11.948626
11.937456
11.922688
11.911795
11.901274
11.877708
11.873303
11.841281
11.820379
11.817683
11.797993
11.791491
11.764455
11.749494
11.734784
11.699936
11.674505
11.668747
11.647268
11.635302
11.607285
11.597317
11.578261
11.557881
11.537870
11.531159
11.501972
11.486133
11.479702
11.459634
11.431829
11.407308
11.390956
11.376122
11.363463
11.355156
11.349069
11.323627
11.304956
11.294815
11.273140
11.261850
11.234547
11.222224
11.205486
11.185869
11.172641
11.132915
11.124723
11.122578
11.096952
11.088614
11.053238
11.045366
11.030673
11.025536
10.996224
10.993463
10.964904
10.948267
10.937703
10.916819
10.907359
10.883200
10.863526
10.844791
10.821434
10.804877
10.780816
10.769033
10.765966
10.755420
10.731785
10.721901
10.715909
10.679651
10.669729
10.649251
10.633007
10.629970
10.597264
10.589043
10.556353
10.541871
10.522512
10.509355
10.493167
10.486449
10.475901
10.457766
10.435047
10.406084
10.383822
10.374831
10.351366
10.339475
10.318072
10.306587
10.288027
10.282882
10.262797
10.260679
10.217076
10.209897
10.180348
10.170657
10.148259
10.134821
10.120547
10.110760
10.104186
10.077898
10.067487
10.038410
10.022502
9.989001
9.982732
9.978963
9.962445
9.942809
9.926486
9.915972
9.910209
9.882859
9.874239
9.848512
9.841199
9.824647
9.817764
9.799126
9.790715
9.770330
9.752390
9.723959
9.717850
9.704354
9.676959
9.665646
9.636245
9.633004
9.618478
9.606914
9.585845
9.567147
9.554438
9.519960
9.510088
9.498448
9.459226
9.444979
9.439074
9.423424
9.407043
9.393994
9.380414
9.358062
9.348857
9.334634
9.331373
9.309476
9.284549
9.267254
9.262519
9.238731
9.221116
9.205007
9.185505
9.176102
9.156516
9.134799
9.129375
9.117312
9.090700
9.085936
9.081686
9.043882
9.040205
9.019290
9.009464
8.984838
8.974829
8.955390
8.925928
8.914371
8.906294
8.894441
8.866617
8.851154
8.836433
8.817505
8.806857
8.778224
8.770137
8.766677
8.755239
8.733542
8.713977
8.709778
8.695519
8.674273
8.650114
8.619738
8.615017
8.604919
8.598633
8.565944
8.536113
8.522505
8.513300
8.506361
8.501753
8.494881
8.481883
8.459832
8.455430
8.422777
8.407396
8.386636
8.378168
8.345408
8.326917
8.318065
8.298126
8.287068
8.271018
8.265515
8.245392
8.210286
8.193584
8.180951
8.166917
8.155262
8.148070
8.131160
8.130746
8.102489
8.097339
8.064432
8.061125
8.043994
8.031973
8.013283
7.996090
7.978285
7.968775
7.953239
7.945176
7.918063
7.907215
7.878703
7.858494
7.842374
7.822634
7.818078
7.808948
7.795761
7.781178
7.770972
7.746390
7.738572
7.709121
7.688702
7.682326
7.669679
7.658492
7.637266
7.624017
7.611780
7.600946
7.573931
7.564210
7.540037
7.526641
7.519319
7.515954
7.496654
7.475939
7.441790
7.422332
7.402877
7.384997
7.379223
7.356203
7.341562
7.324249
7.314213
7.289616
7.273336
7.259092
7.227225
7.221595
7.200365
7.188496
7.173145
7.168336
7.159999
7.137843
7.129056
7.085537
7.077553
7.074222
7.052298
7.044605
7.027064
7.012344
6.990539
6.975454
6.961218
6.954698
6.922223
6.913814
6.899990
6.898871
6.868694
6.862587
6.843114
6.837393
6.819240
6.805158
6.799361
6.780990
6.766656
6.755463
6.747727
6.725451
6.704974
6.686719
6.679039
6.647957
6.642406
6.623048
6.601079
6.590391
6.564841
6.554030
6.540613
6.525910
6.506758
6.486047
6.480348
6.450651
6.428413
6.415565
6.369432
6.361181
6.344610
6.333972
6.320590
6.307477
6.277012
6.269064
6.252280
6.234885
6.221679
6.209263
6.200206
6.184881
6.151600
6.147384
6.129392
6.123404
6.105896
6.088155
6.067951
6.058316
6.029420
6.016314
6.003873
5.991159
5.979151
5.954449
5.942919
5.918676
5.892463
5.866291
5.856689
5.851601
5.817940
5.803624
5.795374
5.774979
5.766563
5.746604
5.737952
5.716954
5.694104
5.682052
5.664324
5.654400
5.639694
5.615904
5.608011
5.595233
5.577365
5.559739
5.551648
5.534963
5.533035
5.488591
5.461222
5.446182
5.430204
5.429338
5.387616
5.373034
5.370730
5.352047
5.324290
5.315775
5.299294
5.280641
5.280465
5.265797
5.229162
5.201937
5.187329
5.167173
5.151055
5.140283
5.117129
5.108783
5.099615
5.075119
5.071259
5.057421
5.029252
5.025315
5.002622
5.002241
4.983558
4.959106
4.954875
4.941357
4.924411
4.902929
4.872773
4.855479
4.820032
4.801261
4.790395
4.778337
4.754824
4.742755
4.731148
4.693022
4.681269
4.662479
4.638498
4.614709
4.583019
4.565211
4.540920
4.532956
4.520824
4.514445
4.494886
4.474077
4.459666
4.453441
4.423764
4.395869
4.367222
4.348880
4.330832
4.323446
4.309080
4.279630
4.249317
4.240746
4.217471
4.193262
4.166392
4.153371
4.144960
4.112532
4.080411
4.055754
4.024647
3.998323
3.967456
3.956883
3.935324
3.905256
3.859404
3.852042
3.837120
3.817439
3.790442
3.751200
3.721823
3.702216
3.678386
3.639412
3.631678
3.604085
3.569069
3.520653
3.486770
3.427312
3.321933
3.300836
0.000000
0.000000
