1096
152534.824940
48518.055259
24032.577198
13889.907338
12073.966227
11334.510701
9360.160550
6802.243722
6048.745051
5883.028549
5221.216865
4963.847467
4407.768930
4326.299408
3953.841814
3680.526801
3286.253861
3149.708726
3001.408244
2940.109658
2807.596755
2657.194567
2586.798132
2468.677228
2363.676441
2304.457221
2239.871010
2185.202556
2109.768891
2060.292760
1931.758920
1862.244562
1824.376979
1791.773658
1773.504422
1729.809237
1615.112898
1599.713099
1558.125006
1522.502004
1484.345248
1428.966241
1394.494216
1346.643941
1338.301568
1253.273649
1244.359292
1219.572825
1184.712195
1169.964691
1103.366300
1083.673787
1072.196286
1046.208342
1031.094011
1015.678322
973.878929
947.758568
928.989745
916.740094
906.464710
898.382614
881.314683
869.957951
848.105213
816.958728
805.693449
794.343834
783.970067
770.574564
750.042697
740.310081
726.801228
714.890118
699.703235
687.746825
678.230679
666.826984
645.096547
629.105249
619.185778
615.823042
611.059117
599.495984
591.773618
577.754711
573.339987
572.531987
555.262512
550.509322
546.513625
526.128161
518.604319
514.574350
506.783196
504.141028
493.151818
489.380415
477.637331
463.635071
460.491651
455.134970
449.014771
442.039056
439.440863
435.339882
428.603477
418.331068
411.231093
410.363216
406.301712
398.152489
386.223583
384.451809
381.132374
377.862574
371.440073
367.893953
363.608762
360.071281
354.848049
349.574994
344.555440
337.768554
335.826239
328.973426
325.128463
322.112251
319.383942
315.603435
313.194550
309.858741
304.503642
301.187822
296.527374
294.325196
290.663394
288.121727
280.959993
278.316086
277.370564
273.087695
266.800675
261.486408
259.213059
257.201466
254.827188
251.771272
251.313471
245.588255
241.667216
241.047965
239.453132
233.408678
230.265915
227.730595
226.330513
223.544697
221.477486
219.974357
217.501663
216.273199
212.251994
211.925332
210.759037
206.760203
200.281487
197.535152
196.133191
193.945638
191.771031
189.359488
186.436539
185.663391
181.941474
179.464769
176.677924
174.288448
173.881547
168.728648
167.998104
165.818545
163.574200
162.417348
158.962398
158.029396
155.395813
154.568668
150.556604
148.507985
145.772387
144.188434
142.089920
140.419882
139.071319
135.181687
134.496718
134.224976
133.080103
128.447570
128.088796
125.339121
124.087472
122.783827
122.130909
119.744162
119.077192
117.705793
114.120268
113.254231
112.236970
109.949687
108.874654
107.008647
105.852990
104.161464
102.834958
101.261959
100.012279
99.531520
99.078800
95.944290
93.918489
92.612559
92.249666
91.237242
89.300703
88.076141
87.212414
85.919590
84.545531
81.949016
81.579339
80.796705
80.029538
78.067903
77.383311
76.722444
75.420897
73.588455
72.609155
71.656923
70.156514
69.047508
67.300664
67.000478
66.439386
65.046705
63.398640
63.276887
61.570668
60.544416
59.535193
58.602035
56.418907
55.731467
55.291660
53.974312
53.184871
51.914742
51.084903
49.813821
48.961079
47.718231
47.503260
46.143853
45.244832
43.672375
43.096577
41.912428
41.614287
40.206812
39.865839
39.424243
38.311883
36.997341
35.950875
35.749506
34.737595
34.377334
33.811668
32.470091
31.497021
30.537811
29.327666
29.161453
27.487214
26.841219
26.598198
24.960073
23.993513
23.128511
22.677330
21.849114
21.742516
21.423700
21.208951
20.676399
20.622471
20.035207
19.842524
19.593051
19.553000
19.300976
19.235179
19.199104
19.076103
19.042909
18.882191
18.750292
18.686445
18.602070
18.571960
18.528421
18.492786
18.472626
18.428535
18.383995
18.303423
18.249390
18.226282
18.181551
18.147567
18.115657
18.108078
17.984782
17.950181
17.909565
17.891794
17.834204
17.799631
17.766472
17.727672
17.712609
17.688502
17.621816
17.600838
17.565687
17.531425
17.465336
17.415079
17.394611
17.374887
17.348532
17.311673
17.273269
17.229696
17.184492
17.178548
17.137666
17.100771
17.080037
17.067197
17.016343
16.995923
16.974012
16.961019
16.903604
16.877779
16.869039
16.843855
16.785431
16.761398
16.745769
16.726101
16.697035
16.643350
16.624026
16.600016
16.579963
16.526340
16.511562
16.500329
16.474084
16.434824
16.400592
16.383657
16.350111
16.333957
16.289795
16.282064
16.255025
16.222423
16.186897
16.143455
16.121489
16.107808
16.094454
16.054823
16.039461
16.020267
15.983635
15.951919
15.932856
15.919613
15.884430
15.848125
15.818424
15.796464
15.792155
15.769426
15.739504
15.725684
15.712768
15.657052
15.641887
15.633453
15.612658
15.578149
15.564292
15.546077
15.526906
15.490990
15.484249
15.454458
15.422854
15.416146
15.373954
15.359155
15.342881
15.315680
15.299164
15.261791
15.218260
15.192007
15.182399
15.140209
15.108747
15.098768
15.066521
15.031773
15.027984
14.995500
14.982468
14.967354
14.936488
14.909316
14.899746
14.890283
14.861602
14.847272
14.804541
14.772257
14.752918
14.742000
14.732641
14.721152
14.702183
14.669312
14.651471
14.638176
14.600197
14.576300
14.562292
14.529678
14.524009
14.493319
14.464286
14.448315
14.445190
14.429464
14.403949
14.393306
14.361918
14.346364
14.325564
14.292795
14.277955
14.249164
14.241920
14.209762
14.203889
14.189399
14.159829
14.129739
14.121146
14.083429
14.081035
14.061243
14.032424
14.014445
14.001763
13.979518
13.936799
13.936216
13.917718
13.907916
13.881205
13.843736
13.830131
13.808585
13.788009
13.759174
13.749290
13.735387
13.713622
13.689577
13.684080
13.665422
13.624096
13.612992
13.585448
13.569077
13.553597
13.537481
13.495718
13.472880
13.457984
13.443825
13.414859
13.402228
13.390689
13.382273
13.355338
13.341967
13.329791
13.317845
13.281090
13.247314
13.234903
13.222386
13.192624
13.186269
13.175022
13.158905
13.135478
13.126537
13.108604
13.065912
13.052171
13.034567
12.996598
12.984954
12.972175
12.962556
12.943123
12.915827
12.897874
12.868168
12.867125
12.832720
12.810074
12.806717
12.793665
12.763710
12.742825
12.718725
12.705079
12.694422
12.677444
12.660147
12.639504
12.630330
12.606179
12.590321
12.581067
12.555687
12.546201
12.537597
12.529988
12.506269
12.474785
12.459281
12.434694
12.424632
12.394297
12.370170
12.354758
12.319988
12.284804
12.280032
12.271922
12.246179
12.240218
12.223126
12.194745
12.162640
12.151053
12.128592
12.117968
12.089020
12.072408
12.064921
12.049178
12.035303
12.024214
11.998354
11.976540
11.956899
11.947418
11.931884
11.924339
11.897705
11.875436
11.859169
11.849772
11.836874
11.799766
11.766923
11.758462
11.725946
11.718830
11.712351
11.680941
11.667827
11.649134
11.638520
11.619049
11.602806
11.592563
11.574499
11.556296
11.549702
11.525376
11.511484
11.503712
11.488116
11.469696
11.449656
11.436852
11.411396
11.387075
11.369184
11.346419
11.335004
11.298850
11.292803
11.269992
11.247347
11.231820
11.217898
11.207290
11.204804
11.173353
11.172513
11.134372
11.130666
11.095791
11.081844
11.045843
11.034317
11.032578
11.015498
11.001319
10.994393
10.978147
10.967146
10.963823
10.944770
10.895614
10.866544
10.848646
10.839655
10.832081
10.822258
10.817055
10.768639
10.758311
10.733813
10.702327
10.684491
10.679067
10.662754
10.660652
10.651189
10.618204
10.587095
10.580475
10.569790
10.556733
10.547025
10.527220
10.509363
10.494761
10.479841
10.464695
10.440089
10.423737
10.419996
10.408404
10.369762
10.345352
10.334172
10.308296
10.303119
10.278486
10.266952
10.254915
10.229257
10.216401
10.197584
10.195511
10.176768
10.170117
10.139612
10.127237
10.118614
10.093418
10.072547
10.061102
10.051001
10.020826
10.007104
9.991961
9.975407
9.963914
9.946148
9.936182
9.913316
9.897091
9.891113
9.876327
9.849942
9.838343
9.824195
9.798896
9.774021
9.770105
9.759220
9.733363
9.725840
9.715300
9.685888
9.662887
9.653845
9.646342
9.626104
9.619307
9.587106
9.573527
9.567220
9.558723
9.530362
9.506889
9.479699
9.459062
9.441510
9.438562
9.427003
9.409977
9.381148
9.371337
9.345310
9.338158
9.326102
9.312693
9.304850
9.275584
9.249418
9.242379
9.222864
9.216265
9.197091
9.184428
9.172453
9.157931
9.142065
9.137747
9.115141
9.078714
9.072873
9.052156
9.022661
9.008360
8.986623
8.972961
8.969591
8.951556
8.920971
8.912569
8.903671
8.885636
8.856975
8.847730
8.824475
8.820034
8.802615
8.792781
8.784505
8.763985
8.754682
8.732892
8.700953
8.683479
8.675248
8.666821
8.662437
8.638070
8.631054
8.605208
8.569726
8.568863
8.551408
8.542910
8.539325
8.524157
8.512537
8.493750
8.489914
8.469791
8.467052
8.429651
8.422979
8.401628
8.377634
8.372203
8.347139
8.330861
8.327871
8.308684
8.283667
8.275653
8.266317
8.250599
8.221579
8.217061
8.186838
8.180771
8.169632
8.157681
8.124418
8.116993
8.106385
8.095730
8.074250
8.056828
8.034066
8.027359
8.024368
7.988185
7.979198
7.962928
7.949755
7.918890
7.909232
7.898222
7.880923
7.860118
7.854291
7.846211
7.823890
7.806838
7.801480
7.784065
7.758104
7.744967
7.721515
7.708375
7.696962
7.690992
7.673828
7.655226
7.638797
7.614896
7.599455
7.589898
7.580736
7.563466
7.547433
7.533780
7.514252
7.489607
7.480071
7.466094
7.434577
7.423548
7.403516
7.386521
7.373196
7.347289
7.332998
7.328168
7.314979
7.307530
7.285278
7.278806
7.241518
7.237289
7.218615
7.213134
7.198192
7.182558
7.173298
7.138204
7.127145
7.112625
7.087225
7.081964
7.076603
7.044774
7.034157
7.017807
6.993975
6.970997
6.950735
6.941573
6.907553
6.905176
6.882969
6.872528
6.853435
6.843532
6.840087
6.815432
6.776878
6.772095
6.767478
6.754962
6.728821
6.719447
6.709314
6.697080
6.675748
6.633748
6.621370
6.599895
6.587551
6.581195
6.576155
6.559688
6.518757
6.506780
6.496662
6.483354
6.473282
6.454388
6.449016
6.425780
6.419043
6.400519
6.387221
6.371091
6.360203
6.355526
6.315507
6.306127
6.300432
6.275560
6.259972
6.246416
6.240416
6.211702
6.201370
6.173309
6.155653
6.150776
6.139147
6.128914
6.106302
6.091170
6.084735
6.070152
6.063806
6.041009
6.021983
6.018369
6.006593
5.992960
5.974850
5.945766
5.926369
5.916340
5.905952
5.889068
5.880538
5.862399
5.847308
5.831314
5.808218
5.787234
5.768916
5.742689
5.732770
5.719155
5.700902
5.681170
5.675340
5.653147
5.642341
5.604293
5.585282
5.577156
5.561964
5.543635
5.535252
5.524229
5.507332
5.491642
5.473447
5.451293
5.423229
5.408593
5.392564
5.384440
5.356251
5.340858
5.312934
5.301418
5.286485
5.281457
5.271247
5.231772
5.228961
5.210664
5.187004
5.179577
5.167716
5.150807
5.143435
5.116764
5.084939
5.071072
5.060550
5.056353
5.042623
5.008199
4.986378
4.969356
4.958980
4.939312
4.913008
4.905527
4.888622
4.871834
4.834328
4.830647
4.814578
4.809283
4.789405
4.770648
4.739447
4.729621
4.699974
4.692648
4.684496
4.657679
4.644513
4.629403
4.610270
4.605542
4.586990
4.553141
4.527359
4.511180
4.484614
4.463229
4.450140
4.431849
4.402225
4.397695
4.387270
4.375717
4.362887
4.340501
4.325408
4.296967
4.285091
4.250096
4.241050
4.183445
4.175665
4.130980
4.118656
4.103986
4.086209
4.057674
4.040222
4.007213
3.979409
3.956776
3.943607
3.934942
3.902032
3.893109
3.848613
3.838785
3.827179
3.785200
3.779570
3.768799
3.731878
3.721009
3.678824
3.658775
3.645378
3.610053
3.564718
3.523809
3.492534
3.463859
3.445966
3.325737
3.317886
3.222868
0.000000
0.000000
