1080
216626.189138
31367.783646
24296.733154
21463.338448
20040.158467
13447.884726
12597.597383
12009.693673
11002.778713
9172.858643
7521.207354
7146.297086
6611.254978
6187.822997
5361.219365
5153.462528
4565.582660
4099.650354
3757.783276
3531.900277
3204.449705
3010.302581
2851.887751
2767.185443
2647.630867
2539.391434
2356.976511
2323.617681
2122.528414
2029.012991
1999.845055
1949.654391
1869.408109
1779.915659
1732.882701
1668.161217
1632.666190
1561.767839
1541.441759
1508.756805
1474.681691
1439.261275
1416.553368
1374.772293
1340.514430
1311.267531
1277.004491
1274.207825
1250.231205
1235.928065
1198.292358
1178.540753
1143.340501
1119.816611
1115.557366
1084.849706
1067.782133
1052.343268
1045.075597
1016.330111
999.159397
992.929455
989.810642
964.049653
948.489443
941.621922
912.301646
886.842045
874.922642
869.420330
866.090624
856.268587
840.297880
826.427323
819.952917
809.763211
806.149581
784.151984
773.250644
766.435361
758.295291
745.082136
741.379827
732.245223
722.696242
710.396469
702.801275
698.528000
684.820019
677.102411
666.989190
662.406437
662.168160
654.243194
639.805917
637.023915
629.979967
627.680258
623.800053
619.622932
612.614194
604.832639
597.049329
591.894348
586.476302
583.305280
577.533425
573.976796
569.223240
565.094486
561.247630
557.758844
546.974989
545.182480
543.047591
531.878373
528.866539
524.269199
516.472794
513.808456
511.498352
510.160678
499.656347
498.385146
493.350146
491.159718
486.908948
483.861484
479.948527
477.801292
475.980044
470.512110
467.912392
464.443982
461.375376
456.507618
453.957123
451.613743
448.905782
442.483987
438.749389
437.362266
434.083976
430.031533
426.838354
423.123214
421.968453
419.830642
417.263140
413.996800
412.169302
409.991133
404.780995
403.640151
400.954884
399.920895
395.286925
392.323821
390.381601
388.852005
387.213649
385.370553
382.886621
379.624916
378.396734
375.119723
374.210577
373.944639
370.232275
367.928299
366.473078
363.320679
362.325541
359.553912
357.510374
355.795235
354.368234
353.162316
350.530948
349.633118
347.923988
345.757280
343.628000
341.801554
340.679041
340.038433
337.326919
335.613472
333.937282
332.636249
330.073551
328.148627
327.659365
325.463311
323.918454
321.911242
320.848903
319.419209
317.402795
315.804106
315.531468
313.734712
312.412522
310.324234
309.715316
308.993476
306.560603
304.272204
302.974533
302.474855
301.137830
299.763624
299.569841
296.779193
295.465908
294.932560
293.646317
293.318979
291.267517
290.985458
288.494027
286.792603
285.081881
282.489634
281.371481
280.858882
279.959490
278.479348
277.651562
276.335080
275.206699
274.487995
273.692879
270.977947
270.362165
269.478514
268.212902
266.786820
266.233447
265.339535
263.841378
263.229233
260.007946
259.889280
258.895248
258.072762
257.174226
255.869028
255.000038
254.137415
253.753422
251.950926
250.989265
249.977463
248.860460
248.617300
246.508080
245.271575
244.032113
243.047309
242.311695
240.343703
239.508746
239.169299
238.053961
237.510512
236.049866
235.656934
234.724687
234.012090
232.258118
231.538816
231.030225
230.208513
229.996057
228.587114
226.706278
226.540767
225.306109
224.881519
223.678051
223.459361
222.263793
222.056199
221.266971
219.789122
218.949378
217.092295
216.138403
215.861293
214.037929
213.936868
212.220077
211.140143
210.659874
210.220487
209.755853
208.904803
207.244533
206.828632
206.358411
205.946943
204.560686
204.361506
203.539497
202.755410
201.571265
201.482093
200.408224
199.157888
198.599933
198.359309
197.614357
197.276512
195.954692
194.751274
193.990411
192.608287
191.880512
190.708573
190.173260
190.035816
189.692648
189.148571
187.928684
187.153815
186.769147
186.070931
185.179343
184.310136
183.292565
182.364684
181.491828
180.575167
180.040986
178.836184
178.506490
178.178382
176.777529
176.144941
175.822619
175.134413
174.701135
174.217649
173.788097
173.270709
172.324008
171.814831
171.245523
171.144303
170.640835
169.473936
168.662700
167.992459
167.300142
166.939507
166.333767
165.846632
165.352271
165.232153
164.085048
163.487010
162.394018
162.157167
160.799346
160.309463
160.016631
159.707072
158.829204
158.338491
158.016508
157.017713
156.585229
156.257057
155.396691
154.783509
154.049029
153.545535
152.794446
152.524202
151.731219
150.622862
150.465944
150.207227
148.926215
148.340821
147.892997
147.243965
146.565483
146.065219
145.493153
145.400059
144.834537
144.186217
143.487358
142.885074
142.355857
141.675723
141.156721
141.042368
140.807573
139.984196
139.352263
138.894326
138.315976
137.775848
137.480020
137.037246
136.006847
135.161317
134.856084
134.397694
133.930681
133.709834
133.057674
133.002875
132.234886
131.453942
131.113438
130.471276
130.156724
129.551517
129.325670
128.950690
128.164865
128.134536
127.043351
126.468176
125.884645
125.346665
125.103923
124.716377
124.512355
123.507009
122.828772
122.664319
122.297022
122.186581
121.428246
120.785044
120.527046
120.061939
119.551021
119.201908
118.998003
118.545979
117.970114
117.714888
116.995257
116.831109
116.100286
115.927106
115.405607
115.019279
114.712874
113.827693
113.396755
112.714502
112.580170
112.141638
111.905211
111.322702
110.860318
110.608728
110.118073
109.914286
109.036016
108.664465
107.990844
107.679150
107.253023
106.955485
106.144611
105.728442
105.518888
105.384439
104.909798
104.677183
103.863535
103.464075
103.319427
102.636128
102.283220
101.958993
101.734993
101.108211
100.457015
100.286288
100.028384
99.639817
99.090820
98.871884
97.985050
97.608673
97.220657
96.934726
96.869030
96.192164
95.509468
95.216632
94.835473
94.761876
94.633885
93.966220
93.694720
93.255388
93.036557
92.726738
92.466554
91.803295
91.496458
91.211919
90.770602
90.524288
90.177670
89.940967
89.587327
89.332318
89.132133
88.355387
88.186066
87.767204
87.327615
86.929991
86.681802
86.413879
86.097576
85.875436
85.478305
84.906321
84.379572
84.175704
83.834443
83.518580
83.221308
82.717039
82.590779
82.225705
81.785719
81.398631
81.171445
80.995060
80.393425
80.040129
80.004148
79.619284
79.158096
78.984353
78.563801
77.867823
77.828126
77.433598
77.097626
76.872149
76.705514
76.169670
75.891294
75.469051
75.317534
75.034720
74.857216
74.357603
74.014224
73.795064
73.530622
73.327426
72.975220
72.838356
72.695685
72.174603
71.742622
71.453128
71.166527
70.927688
70.774762
70.233587
69.681996
69.451730
69.208699
69.127173
68.875095
68.277390
67.884443
67.515017
67.361637
67.047432
67.002560
66.426230
66.314682
66.125147
65.867868
65.647518
65.205066
65.123657
64.900129
64.671127
64.032555
63.991557
63.244955
63.063875
62.945528
62.499500
62.096687
61.848513
61.600737
61.475446
61.078544
60.755443
60.666153
60.320273
60.122779
59.892085
59.743273
59.151003
58.937866
58.471357
58.284068
58.049858
57.965544
57.176560
57.092640
56.990831
56.862936
56.398147
56.175196
56.047199
55.777690
55.664625
55.237563
55.067848
54.994048
54.558722
54.244289
54.120148
53.820471
53.472966
53.350943
53.144008
52.990526
52.693176
52.574884
52.381377
52.118484
51.849496
51.755447
51.586916
51.243817
50.908007
50.635131
50.483565
50.250941
50.165526
49.869219
49.660504
49.432380
49.284929
48.943092
48.551757
48.392610
48.238157
48.053819
47.865861
47.422679
47.103782
46.985526
46.778876
46.713085
46.467812
46.335160
46.211911
45.887201
45.830252
45.657170
45.351270
44.865726
44.759574
44.540237
44.255413
43.985586
43.914631
43.690525
43.558620
43.384243
43.293731
42.809586
42.366472
42.199064
42.016711
41.700183
41.643674
41.411861
41.091261
41.041298
40.950542
40.647753
40.573811
40.400340
40.114557
39.998539
39.823703
39.579719
39.324577
39.184640
39.120262
38.767221
38.581438
38.483160
38.124153
38.053417
38.001562
37.724745
37.586115
37.391893
37.081411
37.031314
36.927690
36.761004
36.683382
36.377458
36.256263
36.127456
35.979023
35.682345
35.465626
35.371929
35.164196
35.090839
34.974523
34.689694
34.629439
34.355188
34.245755
34.082367
33.997947
33.829826
33.737499
33.458522
33.402000
33.204411
33.142580
32.813274
32.737977
32.708352
32.592011
32.424836
32.053082
31.993195
31.877330
31.800697
31.602557
31.398569
31.329944
31.138974
31.053705
30.790587
30.695703
30.575534
30.400720
30.239860
30.152308
30.067301
29.956417
29.899401
29.707882
29.449710
29.430360
29.341499
29.107336
29.070258
28.933273
28.761636
28.737003
28.588960
28.283041
28.254967
28.114998
27.846681
27.822401
27.636494
27.607732
27.482515
27.258162
27.224210
27.068913
26.898236
26.879002
26.614885
26.550410
26.458042
26.288240
26.269290
26.146946
25.944017
25.786008
25.752998
25.612282
25.524577
25.316848
25.271879
25.100493
25.086865
25.013257
24.794693
24.698921
24.678154
24.605299
24.485510
24.360876
24.240730
24.165980
24.037018
23.975961
23.948356
23.841240
23.686427
23.473446
23.321110
23.217862
23.174744
23.087340
23.071576
22.899573
22.776584
22.632738
22.562735
22.387310
22.369501
22.257907
22.125593
22.010106
21.892230
21.837207
21.652595
21.601485
21.443422
21.382164
21.299257
21.219407
21.075174
21.048304
20.962525
20.825316
20.753808
20.675244
20.547823
20.434625
20.340042
20.289589
20.231334
20.165085
20.019049
19.917078
19.776931
19.742561
19.684806
19.588318
19.518939
19.438027
19.345257
19.310774
19.200494
19.116998
19.041611
18.953076
18.852358
18.812690
18.745646
18.612038
18.501518
18.388203
18.356802
18.304635
18.215660
18.169579
18.147258
18.069287
18.052141
17.864668
17.764902
17.688358
17.635253
17.592318
17.482180
17.424727
17.298326
17.279911
17.161241
17.147809
17.090825
17.068647
17.004939
16.938971
16.830880
16.787487
16.634137
16.569571
16.520602
16.478915
16.352117
16.315687
16.262433
16.180587
16.139495
16.081631
15.961616
15.957571
15.874661
15.807112
15.768433
15.712227
15.602251
15.563271
15.514454
15.466723
15.422629
15.348825
15.280469
15.190391
15.179321
15.158128
15.070849
15.044070
14.915391
14.843137
14.811619
14.748423
14.670698
14.626957
14.525967
14.479664
14.467221
14.448316
14.334125
14.321450
14.235929
14.191007
14.149631
14.121477
14.074076
14.026753
13.910675
13.874961
13.844752
13.795695
13.777032
13.693452
13.639328
13.562007
13.494112
13.428442
13.402366
13.383990
13.327793
13.309167
13.283550
13.179128
13.129852
13.086237
13.032845
12.991733
12.934308
12.881088
12.844606
12.790030
12.764299
12.720287
12.657262
12.624544
12.571993
12.489990
12.418536
12.385692
12.347644
12.294757
12.274781
12.215084
12.167189
12.154352
12.035604
11.988919
11.966965
11.916074
11.865525
11.817574
11.717667
11.682454
11.643486
11.593286
11.581791
11.528776
11.475548
11.448324
11.421691
11.355550
11.276215
11.222939
11.136157
11.123969
11.091941
10.989432
10.984570
10.904367
10.864705
10.861784
10.751331
10.725528
10.649302
10.595665
10.529429
10.485106
10.454609
10.406719
10.329068
10.262387
10.222350
10.171455
10.161589
10.126974
10.093441
10.050545
10.009800
10.003503
9.939558
9.877716
9.857536
9.762305
9.708196
9.684409
9.638413
9.561786
9.551570
9.440714
9.426229
9.384397
9.333433
9.315677
9.243182
9.226251
9.158994
9.116599
9.059199
8.984138
8.952965
8.847458
8.841839
8.773123
8.697068
8.673229
8.631585
8.577385
8.557598
8.440377
8.417500
8.372315
8.322667
8.263084
8.261083
8.177133
8.138379
8.051746
8.013167
7.987517
7.919784
7.886833
7.755671
7.726426
7.717662
7.629632
7.601989
7.514957
7.429240
7.368151
7.277195
7.234640
7.112072
6.955819
6.890109
6.803596
6.719127
6.611602
