1517
160210.078145
41709.446335
27013.370810
21677.075487
20611.738625
17103.986273
15625.152988
14339.126086
13695.741706
11897.395828
11795.894037
10795.373668
10412.451079
10142.714232
10097.834453
9775.518520
9136.694548
9069.442994
8575.090216
8466.652556
8214.857315
8127.805548
8063.670818
7773.934006
7706.243927
7662.236970
7515.975855
7435.869543
7309.380131
7224.867174
7079.166071
7019.401439
6833.524344
6714.509238
6560.551442
6537.328430
6461.908663
6409.786741
6357.902062
6260.186961
6172.087712
6152.673808
6093.298711
6004.879418
5924.689693
5902.252757
5851.931756
5803.236077
5673.916649
5618.722057
5526.631624
5520.561016
5428.055341
5379.074922
5315.263079
5262.752254
5205.672983
5168.649992
5131.033340
5047.142869
5013.736263
4964.516761
4887.631153
4878.369392
4833.504238
4811.516675
4787.610159
4745.303141
4726.587789
4657.232213
4649.337971
4550.510570
4501.640435
4466.732858
4416.055667
4394.762718
4343.211484
4301.431979
4279.691373
4267.126095
4214.650659
4152.933880
4120.553895
4099.706027
4075.479737
4046.017220
3998.429508
3986.448675
3910.400473
3880.689428
3873.967828
3845.803548
3821.110543
3758.447166
3734.646714
3704.457967
3680.155270
3676.760242
3635.523698
3613.796220
3600.061137
3574.600614
3554.542051
3495.366562
3491.824326
3460.886051
3434.595310
3396.978539
3365.648730
3353.671309
3343.344122
3277.974152
3263.859161
3254.774770
3249.551503
3230.826052
3206.317211
3172.535839
3157.061898
3131.455299
3117.410517
3093.270755
3078.692467
3052.181772
3045.344397
3000.406487
2993.354688
2969.835659
2968.731382
2930.419772
2910.415074
2894.318791
2874.286778
2867.999498
2847.186256
2816.227357
2794.168174
2774.723169
2772.057345
2759.197021
2729.658213
2722.565417
2711.731464
2693.130708
2675.271056
2657.089745
2650.517453
2621.113578
2614.854323
2578.693516
2577.039410
2565.002457
2546.724348
2541.908480
2526.932789
2522.943262
2498.986716
2475.150733
2461.524536
2454.440903
2444.977491
2426.609329
2420.031854
2394.116931
2383.558060
2376.770670
2357.902249
2350.650747
2339.241389
2328.563728
2307.008125
2294.055417
2287.748634
2268.430684
2257.734529
2247.469215
2237.769224
2231.352293
2217.819265
2213.240256
2199.804568
2179.880516
2170.265258
2154.217745
2140.873334
2134.677924
2128.215706
2121.046387
2111.461655
2103.827423
2089.127963
2085.075865
2069.398206
2059.627711
2044.074646
2040.953609
2030.504533
2020.489837
2015.529814
2008.382930
1995.157127
1985.777321
1974.915427
1966.116110
1957.653039
1952.333672
1937.148663
1929.331859
1924.788078
1919.035053
1905.705001
1892.118370
1883.962857
1875.075701
1864.615909
1853.839539
1848.437439
1842.161537
1830.530423
1822.748495
1820.469312
1813.348303
1807.987193
1803.699888
1792.053578
1787.299630
1771.473023
1766.844514
1762.686666
1759.224236
1755.213479
1749.149701
1740.326319
1719.084585
1715.316845
1709.054464
1700.500816
1690.454297
1685.246610
1674.558589
1669.678137
1666.753970
1654.199288
1638.783738
1636.428973
1625.974021
1623.805041
1618.109863
1615.333825
1607.990265
1603.738395
1590.869090
1586.161367
1585.070917
1574.284024
1572.537795
1558.807759
1556.197695
1550.331511
1539.386423
1536.179870
1528.446273
1524.312952
1517.345794
1513.534451
1508.048532
1502.475591
1494.024897
1486.701072
1484.155394
1470.669174
1466.354639
1463.760946
1462.816146
1454.235917
1452.523512
1447.050960
1440.917511
1434.543352
1431.391023
1426.298881
1421.904065
1416.925785
1405.829069
1402.864168
1394.877589
1388.893415
1381.000862
1379.960522
1376.906219
1373.030452
1362.467450
1356.656887
1352.724637
1346.319579
1341.735722
1338.876135
1332.736213
1331.156850
1329.615418
1325.846396
1319.169336
1311.588702
1304.942521
1301.432268
1296.323216
1292.288095
1285.123976
1282.029026
1277.685318
1270.540886
1266.833616
1260.126664
1252.947490
1250.113100
1240.960024
1240.120725
1236.868214
1227.788126
1224.257955
1220.438759
1214.721806
1212.012970
1208.757072
1206.973255
1204.539323
1197.797937
1191.509701
1184.784811
1182.614805
1180.004603
1176.423807
1170.208110
1166.179043
1160.588364
1157.961205
1153.242785
1150.130879
1147.055064
1143.088998
1137.194640
1133.254412
1131.374977
1121.668199
1119.291700
1115.184893
1114.602707
1112.082164
1108.455267
1100.084152
1098.948320
1093.053395
1088.967362
1088.278861
1082.484893
1078.153419
1075.575828
1074.371642
1072.629998
1064.687399
1061.268484
1058.567255
1057.387926
1049.630910
1042.039649
1039.688235
1037.298065
1031.942930
1025.918303
1025.561717
1020.961916
1017.663823
1011.397461
1006.622838
1005.507948
1002.574750
1000.717696
998.975639
996.906209
994.623198
988.511639
983.486436
982.016837
978.438291
966.133057
964.433998
964.172342
961.097887
957.726257
956.996640
951.799664
946.729376
944.230057
942.909625
939.372248
935.052539
929.413543
927.128228
924.783874
924.080951
920.053734
914.935629
912.156377
907.081500
905.186103
898.670984
895.351264
893.222562
890.129772
885.278208
884.118073
878.707670
873.530755
872.471683
871.598120
866.768971
865.272434
860.667101
856.535197
854.992709
853.305582
848.725293
843.752884
841.311131
835.882833
833.526511
829.897454
824.448775
821.753525
821.023644
819.742423
815.980346
813.821150
810.346724
809.095914
806.574113
804.645234
803.128396
800.489653
794.713460
792.889125
791.892968
789.125344
785.070518
778.152763
776.530330
771.633497
770.614247
767.740070
766.317937
760.959503
760.374270
754.293420
751.195648
747.310845
744.966821
744.642110
741.154300
738.106577
736.132447
731.562920
730.776161
726.341735
724.549166
722.754462
720.567739
716.398377
715.600310
713.776978
708.395094
706.600736
702.879005
700.314928
697.104507
697.023204
694.411424
690.621772
687.073722
683.224352
681.908739
680.874920
677.940419
674.753961
672.476783
669.016602
667.614459
663.614905
658.108681
656.030551
653.156414
650.765800
647.546333
646.802747
644.707432
640.318658
639.648566
636.497858
635.095849
632.088507
629.756574
626.090583
625.198306
624.142881
621.211650
617.134941
614.666306
613.812046
612.568459
605.545577
603.958734
602.890986
598.194097
596.250541
593.949364
591.950529
591.038330
588.146746
585.473736
584.181779
582.343521
580.147436
579.096337
576.246954
574.582121
571.957763
571.082760
570.906429
561.640258
560.089926
559.398735
558.343673
558.233740
552.496315
550.601703
549.504251
547.608004
542.155824
539.373993
537.326337
534.539400
533.674281
532.108268
530.377976
527.727229
523.909493
521.703476
519.451090
518.425603
516.308122
512.271971
510.265873
509.803594
507.878828
505.570877
502.137267
500.751443
500.005904
497.356889
495.164111
491.751247
489.129677
488.933381
487.708077
484.686133
481.664094
478.851620
478.273191
475.944200
472.623764
470.280650
469.938381
467.949136
465.805216
463.924256
462.179812
461.055477
458.966518
457.243829
454.668272
453.278304
449.077134
448.624595
447.326546
445.274324
444.494367
441.967103
441.041365
440.443739
438.258709
434.353085
432.673099
429.303708
427.598653
426.600423
425.597205
423.526060
421.431149
418.932339
418.903708
416.880168
415.767965
414.442368
411.518966
409.436180
407.409218
406.319022
406.064496
403.410023
401.323425
399.440976
397.853907
395.030886
394.075263
392.101950
391.077465
387.799076
386.806075
384.985999
384.252519
381.509284
379.574406
377.962061
376.788519
373.770854
373.416673
371.209359
370.633155
366.270526
364.844352
364.226861
363.440895
361.641697
360.180781
358.067997
356.403569
354.763288
354.254677
353.653500
348.665871
347.381653
347.065759
345.929970
344.312174
343.426750
340.850801
337.628133
336.664944
334.209677
332.063089
330.921793
329.910980
328.838631
327.925767
327.153856
325.052535
324.796998
322.374641
319.483585
318.344706
317.289678
317.079513
314.817005
313.234238
311.230775
310.735410
308.939529
306.623181
305.209616
303.110228
301.917824
298.273840
298.019297
296.668973
295.347451
294.376759
293.106312
292.314634
290.165083
289.734244
287.159771
286.065157
285.497388
283.537846
282.460414
281.339190
279.361701
276.912506
275.889554
274.726844
273.431871
272.917259
270.753830
270.258043
269.301039
267.371243
265.353986
264.429827
263.763717
261.484410
259.011963
258.462718
257.541226
255.510514
254.060859
252.193917
250.538515
249.420624
248.960394
248.717805
246.815850
244.235330
243.007837
242.766257
241.154628
239.370977
237.486630
236.790895
235.662309
234.872664
232.911654
231.867553
231.568160
230.417990
229.236568
228.153958
226.305513
225.742191
224.027447
222.004589
221.167254
220.332600
219.417975
218.767749
218.036734
215.372220
214.684087
214.499582
213.261507
213.169347
212.027769
209.906945
209.520130
208.574499
206.900677
205.361131
205.015851
204.195460
203.102821
201.676992
201.303939
200.381098
199.125981
197.788687
196.735815
195.723930
193.203728
192.888034
191.219404
190.911237
189.160092
189.039782
187.896937
187.695314
186.282787
185.454632
184.491618
183.555734
181.851676
181.713634
180.335817
178.941339
178.539550
177.400717
176.154632
174.947668
173.986404
173.426848
172.559701
172.245507
171.532130
170.968749
169.918300
169.366539
167.105963
166.685508
165.398136
165.172336
163.868757
162.241897
161.495894
160.852563
160.009727
158.233431
157.657391
156.748463
155.581687
155.329701
154.361678
153.162457
152.459815
151.480295
150.362785
149.711056
149.364507
147.872141
146.972813
146.003505
145.797796
145.202279
144.656585
143.711427
142.777740
142.684990
141.562369
141.407645
139.577604
138.811499
138.503549
137.977743
137.194157
136.895225
136.470087
134.959342
134.887364
134.491968
133.643243
132.792374
132.556968
130.953544
130.087416
129.607259
129.128170
128.256461
127.526588
126.583978
125.948252
125.148940
124.109410
123.327895
123.092443
122.145379
121.809318
121.290932
120.655941
119.297949
118.967872
118.129736
117.753912
117.096346
116.764416
115.927396
115.628102
115.048920
114.617105
114.062165
113.391846
112.929090
112.627269
112.114263
111.427386
111.030946
109.963256
109.673999
109.103084
108.033672
107.315745
106.723789
106.211031
105.893662
105.256283
104.705386
104.490948
104.368971
103.808306
103.019291
102.274277
102.092928
101.498304
101.016065
100.385812
99.822009
99.254413
98.816592
98.233785
97.828038
97.556021
97.009367
96.264312
95.955923
95.254328
94.492897
93.994399
93.944580
93.724888
92.721149
92.439791
91.865714
91.618873
90.899285
90.814950
90.144660
89.741417
89.251900
88.619336
88.258963
87.530034
87.347860
87.106329
86.264613
86.061276
85.551532
85.037654
84.450200
84.390969
83.848319
83.694552
83.297289
82.533001
82.439997
82.211127
81.767686
81.469194
81.199678
80.583957
80.114767
79.696858
79.416746
79.042914
78.738209
78.664292
78.298407
78.155512
77.306305
77.197717
76.255126
76.068212
75.753823
75.537648
75.293804
74.783799
74.524970
73.904392
73.776538
73.337821
73.156663
72.653401
72.369587
72.295464
72.038950
71.765322
71.527290
70.896042
70.587304
69.782062
69.705109
69.404341
68.934761
68.822432
68.566774
68.470367
68.137999
67.756469
67.531268
67.152796
67.028084
66.662454
66.568500
66.335917
65.965348
65.705410
65.458709
65.278619
64.957445
64.730684
64.244301
63.660155
63.485889
63.103225
62.977876
62.693734
62.384615
62.212622
61.728292
61.559504
61.186892
60.902135
60.834646
60.639106
60.474527
59.974874
59.891965
59.711504
59.423101
59.195581
58.888918
58.811814
58.620763
58.387442
58.105885
57.806094
57.530114
57.079224
56.916924
56.785436
56.294260
56.140067
55.925272
55.677302
55.653156
55.413282
55.266435
54.895745
54.741421
54.617401
54.167521
53.964526
53.889213
53.520189
53.367867
53.105181
52.930470
52.644844
52.388588
52.336579
52.117317
51.860997
51.622256
51.563705
51.237706
50.857571
50.706872
50.575937
50.363906
50.132514
50.034201
49.894964
49.706495
49.479081
49.392017
49.261736
49.163497
49.035670
48.685776
48.390515
48.345372
48.183383
47.851629
47.701633
47.550179
47.435363
47.215068
46.970917
46.869188
46.623260
46.460430
46.212631
46.007744
45.952489
45.696111
45.454184
45.280881
45.194609
45.004642
44.841256
44.707693
44.636737
44.287406
44.147899
44.080380
43.912514
43.891489
43.395773
43.255938
43.146749
43.100668
42.946127
42.707715
42.671821
42.600050
42.361714
42.074226
42.015710
41.951220
41.763805
41.574288
41.476696
41.398511
41.267482
41.077975
40.935381
40.689702
40.566121
40.513629
40.279751
40.117343
39.903819
39.843566
39.828342
39.619418
39.381914
39.264860
39.007319
38.985229
38.922544
38.687287
38.629890
38.527369
38.399654
38.260020
38.153794
37.885429
37.838642
37.617608
37.561183
37.333983
37.073626
37.057906
36.993045
36.927186
36.772842
36.575571
36.443520
36.414830
36.184243
36.048656
35.953823
35.888779
35.806546
35.617457
35.517699
35.386899
35.321336
35.173183
35.077660
34.936982
34.764169
34.660136
34.564291
34.409051
34.291789
34.068100
33.991011
33.969764
33.724760
33.583098
33.517022
33.404231
33.351016
33.251442
33.090052
33.013255
32.871397
32.709757
32.701583
32.491515
32.436651
32.220846
32.058958
32.046632
31.935418
31.774794
31.759729
31.599566
31.536309
31.454130
31.305366
31.096276
31.000788
30.940125
30.909804
30.720477
30.690894
30.598814
30.491650
30.451402
30.264075
30.213585
30.060630
29.991145
29.822532
29.783877
29.659207
29.560421
29.489511
29.356739
29.224298
29.170388
29.013325
28.852859
28.777201
28.636862
28.611462
28.492170
28.390041
28.265937
28.178184
28.122690
28.006838
27.981429
27.877062
27.751213
27.653539
27.638643
27.553235
27.443084
27.399570
27.240400
27.138305
27.083924
26.990299
26.898272
26.796165
26.659085
26.618658
26.508696
26.419663
26.354048
26.222784
26.097321
25.917205
25.868969
25.809703
25.794705
25.618033
25.565446
25.529929
25.429807
25.273207
25.203187
25.149412
25.072302
25.000524
24.909674
24.843378
24.647238
24.542551
24.454827
24.397733
24.299564
24.267106
24.198212
24.106223
23.943996
23.868368
23.780238
23.768802
23.712521
23.591573
23.541594
23.434595
23.376795
23.324411
23.218538
23.151628
22.995187
22.878496
22.876491
22.833208
22.700130
22.635402
22.482597
22.414376
22.363890
22.291425
22.278463
22.190918
22.042834
21.938144
21.903006
21.826624
21.668663
21.646570
21.593980
21.590502
21.491579
21.442307
21.267941
21.194675
21.125095
21.105481
21.031085
20.910289
20.846283
20.720394
20.627976
20.578367
20.556009
20.450464
20.427095
20.342880
20.268153
20.188224
20.065668
19.991587
19.883134
19.818679
19.781266
19.730768
19.644166
19.607302
19.525460
19.454259
19.316629
19.228123
19.144759
19.103042
19.002814
18.981983
18.930611
18.884806
18.763064
18.704728
18.638931
18.554117
18.507159
18.399420
18.351103
18.323664
18.275917
18.216233
18.112491
18.008154
17.939726
17.877903
17.764804
17.754589
17.662595
17.606640
17.487442
17.475260
17.374855
17.319033
17.229954
17.146552
17.132035
17.093766
17.034132
16.943940
16.863847
16.814416
16.780236
16.674998
16.638410
16.580925
16.523900
16.423848
16.353213
16.271859
16.258180
16.122982
16.113911
16.016952
15.918505
15.901226
15.893466
15.790462
15.720399
15.676362
15.565083
15.483712
15.412425
15.377936
15.301223
15.211929
15.165358
15.130552
15.036526
14.986467
14.907697
14.815054
14.751579
14.677174
14.665606
14.585023
14.525433
14.497407
14.392581
14.337108
14.305635
14.252554
14.207554
14.115850
14.079038
14.009333
13.978473
13.848937
13.783711
13.697015
13.685078
13.554602
13.519287
13.486861
13.418387
13.364376
13.263389
13.220714
13.097290
13.031862
13.023178
12.974450
12.920998
12.904190
12.864075
12.793882
12.702209
12.661111
12.599188
12.551211
12.464654
12.443907
12.377923
12.313176
12.297303
12.209377
12.132061
12.078733
12.041325
11.934137
11.886868
11.808437
11.780469
11.715870
11.619545
11.564971
11.491229
11.454922
11.417128
11.291719
11.264715
11.213444
11.175568
11.099599
10.928594
10.863798
10.799998
10.766499
10.735423
10.722622
10.661805
10.566544
10.509606
10.467868
10.402363
10.273785
10.228699
10.153406
10.098685
10.062141
10.023435
10.009318
9.957729
9.832300
9.740063
9.730830
9.629464
9.596700
9.481195
9.454211
9.381028
9.364343
9.311722
9.234526
9.174764
9.150060
9.057697
9.043302
8.996512
8.912488
8.883380
8.764275
8.718786
8.703465
8.654189
8.622585
8.554217
8.436897
8.422457
8.393142
8.278220
8.199485
8.178118
8.135034
8.060475
7.941987
7.920444
7.860166
7.849874
7.797786
7.662870
7.638193
7.537537
7.531266
7.392985
7.376387
7.332837
7.215374
7.153334
7.043329
7.012701
6.941817
6.797452
6.788996
6.723663
6.609334
6.528476
6.467319
6.443995
6.317792
6.259185
6.157874
6.094512
6.065509
5.986704
5.847663
5.710687
5.594288
5.536367
