1067
188281.886499
27683.862831
21329.783429
16846.195781
12499.870425
12012.565088
10316.703200
8765.136674
8165.413148
7701.333889
6898.304875
6727.870699
6192.014338
5992.350214
5793.724378
5571.674536
5439.468288
5373.154245
5236.539159
5215.375749
5051.376769
4967.022909
4945.555939
4867.945509
4809.844055
4780.690661
4731.482107
4709.165637
4674.982767
4663.777651
4640.759213
4626.434015
4611.934141
4607.021025
4573.359821
4559.040217
4543.253114
4540.501723
4528.475864
4507.461209
4482.481476
4474.608921
4467.200107
4455.519503
4452.029963
4439.400534
4430.090768
4412.838007
4401.969694
4398.939008
4393.791893
4370.712392
4358.431015
4346.828544
4338.113846
4334.118200
4324.248402
4321.945250
4308.321002
4299.342931
4296.768107
4285.023470
4280.073140
4267.257794
4260.717718
4255.382612
4237.348855
4236.323416
4232.223768
4230.675977
4224.797428
4211.601233
4205.018012
4199.676791
4192.916042
4172.679618
4168.014693
4161.320971
4150.965397
4149.439998
4144.439685
4132.983485
4127.837992
4118.786710
4114.478788
4108.854674
4097.423292
4090.298767
4080.456082
4073.371396
4062.912957
4057.701571
4053.018010
4044.426111
4033.296528
4024.216690
4015.526861
4013.269119
4010.783835
4008.685912
3994.604140
3990.307142
3985.541373
3980.850623
3976.734230
3967.857792
3961.526837
3954.785793
3953.494369
3944.843886
3941.067469
3931.884002
3928.494407
3921.876917
3912.513136
3908.285417
3901.872216
3897.747701
3889.071735
3880.267102
3877.445259
3872.553467
3867.011980
3858.512720
3853.677916
3845.723278
3839.403137
3835.254452
3828.672092
3826.371422
3821.961845
3812.153541
3804.863721
3803.970968
3798.794219
3791.511982
3784.863439
3775.970112
3772.170822
3768.015508
3758.294992
3756.725200
3751.412442
3747.816186
3744.035081
3734.039063
3729.236922
3725.491659
3723.749220
3715.974601
3709.838642
3702.456296
3697.556171
3692.945834
3687.286594
3680.203684
3673.687475
3672.899445
3663.319420
3659.901652
3649.900240
3643.539913
3642.169816
3638.467997
3631.543702
3628.124366
3625.060132
3614.890135
3611.629080
3611.304304
3603.648613
3601.487606
3595.713173
3592.274349
3583.978131
3579.967751
3574.232238
3570.056929
3568.186226
3562.119506
3561.757328
3555.401437
3550.948836
3545.762155
3539.695301
3528.142855
3527.100537
3520.327790
3517.673472
3513.096992
3509.258756
3502.829347
3499.508424
3492.574852
3489.657251
3486.029300
3477.123239
3472.349774
3468.861131
3460.243008
3457.444328
3456.643103
3445.174933
3440.020681
3439.664481
3434.243357
3425.423273
3417.470474
3413.633604
3409.935500
3406.835955
3400.532778
3392.195009
3391.055334
3383.049434
3380.615980
3372.371196
3368.829826
3367.081734
3363.776547
3356.788627
3351.036964
3346.827692
3344.188228
3339.873882
3332.033012
3329.402925
3323.757914
3321.984160
3319.545176
3311.126087
3308.094501
3302.596841
3296.600849
3290.550935
3288.616124
3286.446079
3281.947655
3278.862307
3272.889204
3270.096243
3262.898438
3260.183547
3258.417435
3251.622890
3247.336045
3237.082891
3234.838894
3229.065592
3224.630946
3220.023747
3215.618287
3208.238821
3205.643005
3199.923368
3198.117526
3189.312034
3187.363752
3183.938519
3179.034835
3177.793209
3174.315229
3169.793213
3163.025481
3156.940673
3153.758935
3152.206772
3145.225800
3143.647406
3134.521885
3131.760743
3125.707084
3121.717168
3120.653021
3114.621201
3110.224205
3106.726337
3102.666966
3100.313898
3091.425344
3087.704425
3081.758034
3077.969686
3075.361606
3073.703116
3068.092691
3065.217698
3057.679597
3055.965322
3049.080692
3047.114915
3044.329231
3037.972335
3033.636174
3029.868309
3026.083302
3018.308005
3017.653943
3010.782978
3007.636183
3001.129471
2998.139604
2996.122563
2993.730601
2987.177002
2985.782959
2983.209993
2978.719310
2975.417026
2968.646118
2962.756334
2960.449130
2953.881447
2953.377245
2951.245953
2943.638888
2939.070665
2936.824985
2931.453513
2924.956243
2920.882089
2918.249058
2915.911425
2911.153816
2905.880367
2904.120204
2897.752643
2891.942421
2888.978388
2887.434613
2881.710571
2880.223449
2873.441431
2865.966444
2864.056844
2861.003888
2852.272930
2849.367927
2844.755170
2839.738832
2836.607936
2830.763241
2828.177398
2824.589568
2815.557894
2810.452596
2806.948490
2804.076266
2797.334914
2796.141423
2794.587827
2791.620988
2788.303311
2783.477454
2782.455007
2777.967644
2773.652923
2769.922252
2764.481879
2761.148378
2758.335558
2754.721495
2750.476909
2745.586634
2743.764559
2738.237214
2733.814440
2731.267312
2727.747874
2725.393282
2723.330308
2714.344895
2711.505656
2708.354664
2703.157167
2699.328760
2697.005562
2693.911922
2690.655620
2683.329483
2679.616212
2678.356287
2675.150450
2673.797355
2671.225391
2667.743329
2660.368577
2651.113339
2645.397460
2644.902197
2643.179378
2641.432599
2632.814931
2628.652975
2626.630411
2626.115559
2619.760902
2617.858021
2611.437496
2611.156336
2606.048267
2602.862212
2601.473404
2597.501734
2594.000055
2585.731400
2580.932008
2577.323914
2575.423588
2571.666239
2567.668985
2565.924559
2558.415744
2555.506455
2552.331810
2549.914899
2547.781417
2542.267054
2539.294740
2532.338205
2527.608532
2526.811146
2523.332437
2517.158474
2514.172521
2510.506828
2505.307603
2500.334009
2498.529135
2494.377566
2492.033752
2488.185315
2483.187925
2479.342046
2477.832518
2477.068147
2468.516154
2466.629609
2461.326924
2458.454594
2456.590680
2451.152459
2449.096050
2443.995427
2441.893937
2436.448801
2431.868304
2425.832582
2424.157567
2419.202649
2418.026645
2415.312506
2410.308210
2409.469376
2400.825626
2397.278772
2396.124967
2392.281842
2389.322887
2384.042314
2381.731166
2375.756204
2373.766767
2369.495173
2364.564242
2362.958135
2361.237171
2353.946656
2352.476074
2347.252974
2345.988161
2341.498755
2336.985848
2335.618862
2330.348717
2330.148779
2325.586745
2321.397111
2320.306401
2317.541231
2311.811953
2307.750507
2304.493088
2298.047538
2296.409716
2294.004946
2290.695908
2286.402112
2282.771703
2279.934991
2273.880579
2269.550151
2267.806928
2262.571937
2259.735565
2256.882738
2254.087545
2252.654894
2243.363548
2241.522817
2239.336922
2236.650934
2234.107978
2228.870651
2225.305473
2221.740329
2213.625632
2208.822016
2202.945717
2201.997942
2198.842293
2196.611740
2195.609897
2189.620105
2188.543594
2184.363774
2179.294927
2177.919944
2171.315371
2170.059670
2167.618897
2167.067542
2160.943527
2158.287002
2153.460234
2150.519974
2146.932988
2141.743469
2139.953789
2136.066119
2132.401669
2128.640568
2124.570573
2117.445945
2116.705224
2115.567796
2114.188864
2109.226596
2105.318345
2103.011372
2095.290559
2091.180684
2089.448129
2086.090216
2084.981319
2078.654795
2073.882270
2070.214534
2068.581403
2065.301348
2059.560307
2058.808223
2052.751747
2051.444546
2048.363101
2045.758752
2037.784096
2035.343839
2032.168556
2028.720868
2026.227531
2022.962831
2016.804093
2014.362498
2008.850519
2008.411441
2005.763925
1999.957524
1997.983026
1994.720104
1988.745223
1983.670561
1979.484133
1974.970855
1970.783733
1969.042991
1964.833657
1964.040064
1963.046083
1956.066307
1955.278251
1952.563831
1947.497375
1944.480094
1938.117099
1935.584015
1933.067680
1927.848956
1927.063058
1924.806761
1917.264697
1916.239375
1912.977278
1911.843114
1900.692858
1897.395306
1896.828071
1894.861580
1890.321642
1888.501086
1885.141600
1883.901928
1874.256348
1873.861419
1871.264287
1866.854931
1862.845966
1858.214827
1858.028375
1854.884646
1848.141059
1846.311772
1840.290835
1837.978953
1837.686297
1834.152701
1827.559683
1824.912485
1822.930862
1819.741650
1815.911587
1811.127255
1809.503795
1809.174128
1803.669369
1799.292239
1795.927283
1793.136806
1791.808215
1787.088003
1784.828981
1783.970251
1776.508348
1775.327193
1773.180712
1767.520071
1767.321973
1762.395164
1756.470703
1751.965844
1748.737331
1746.251596
1738.854715
1736.021572
1732.701185
1731.596090
1728.167435
1725.348149
1723.281095
1719.495616
1718.014431
1713.655023
1711.669339
1704.473135
1699.692441
1698.826041
1695.585492
1688.914061
1686.561667
1683.902194
1681.786873
1680.610646
1675.477955
1671.486133
1669.425603
1664.722689
1663.485973
1658.966134
1656.233148
1654.788543
1653.088209
1648.864040
1645.166195
1639.580681
1636.453794
1632.575858
1629.679561
1624.916945
1621.461553
1618.273281
1616.278260
1612.605577
1611.174506
1607.869525
1601.526987
1596.601075
1592.994015
1589.331586
1587.207494
1584.422373
1582.479046
1578.666020
1577.131818
1572.753520
1567.953137
1567.196612
1565.212747
1563.499310
1562.090833
1559.064842
1555.042121
1550.900499
1547.305366
1541.506798
1537.455354
1535.793117
1535.027079
1527.271480
1523.554781
1521.385473
1517.421533
1512.159037
1509.799473
1507.679808
1501.511851
1499.960184
1498.710433
1493.584727
1485.633011
1484.413297
1482.039586
1477.246596
1476.325265
1471.409309
1468.760140
1467.397716
1464.557564
1457.481099
1456.700799
1452.245834
1448.530579
1446.618081
1444.935308
1439.908119
1436.422596
1431.025674
1429.504396
1424.865955
1421.853074
1420.577549
1412.822723
1409.984212
1406.892501
1402.411874
1400.134619
1394.411995
1393.440046
1390.784324
1388.355271
1387.206469
1384.161501
1381.607903
1378.175855
1372.627304
1368.402229
1367.297164
1361.759061
1357.490687
1353.981060
1351.831926
1349.518581
1348.534105
1344.102190
1341.330014
1338.826202
1333.486558
1332.188272
1331.241731
1327.855799
1321.782074
1319.675260
1317.540865
1314.599038
1308.319359
1307.176674
1305.003115
1302.163831
1296.375831
1295.110917
1291.036796
1286.561778
1285.585634
1283.114581
1281.502353
1277.633783
1269.450002
1267.296210
1262.983978
1261.618429
1256.588218
1253.404041
1252.444896
1248.079348
1245.781350
1241.240931
1233.585110
1233.345532
1230.562895
1226.517222
1222.570645
1221.538211
1219.252176
1212.330160
1209.723460
1204.349900
1199.667296
1198.009638
1194.094643
1192.550126
1190.841597
1187.873386
1184.472203
1180.143945
1178.107541
1175.804721
1170.292820
1166.185800
1163.881578
1162.306997
1157.762972
1154.618933
1151.590890
1150.861013
1144.051057
1140.953163
1138.847348
1135.624355
1134.706429
1132.838710
1130.858023
1124.990887
1120.077968
1117.109713
1115.299713
1113.357697
1107.805105
1107.018197
1102.928884
1100.321577
1095.626111
1092.810390
1088.080265
1086.600129
1083.486698
1080.930133
1075.537710
1071.357329
1068.449213
1066.042858
1063.626996
1061.443293
1057.882039
1053.595547
1050.299266
1048.152137
1046.175250
1043.599524
1039.427658
1035.558293
1034.219541
1031.632988
1029.455120
1023.130496
1022.590559
1017.656369
1016.840255
1008.676759
1006.964213
1004.590640
1001.132245
998.426244
993.345197
991.329762
989.720901
982.362022
979.513081
977.362273
977.223511
970.384186
968.686894
966.988851
960.899568
958.585512
953.873052
951.023698
950.187662
945.615991
942.720141
939.058199
937.423263
934.979600
931.965586
927.092579
925.280617
920.800318
917.595954
915.045984
911.851984
910.988858
902.527292
898.030720
896.983505
894.565616
893.152880
889.664841
887.105332
881.859640
878.152348
876.636174
873.807690
873.168218
868.317206
867.422090
863.423315
859.379185
856.983002
856.362473
850.323189
848.276598
844.257732
841.218187
840.811988
835.669269
831.302164
828.477828
823.349187
818.254988
816.810614
811.253550
808.143508
802.200620
801.978878
800.127121
796.954263
792.273875
786.912717
782.014446
780.191706
778.082734
776.210537
772.341435
768.619435
767.071343
765.530049
762.381862
757.652681
755.077143
752.887145
746.879491
743.408188
740.437773
739.193806
735.303151
730.759267
729.945513
724.619682
723.718052
718.473117
716.114394
713.893592
710.592979
709.800781
702.761645
700.712639
697.227215
692.318840
691.007672
688.123460
682.360593
681.214126
677.892791
673.407507
671.695195
668.512356
665.686036
663.893054
661.205685
657.400989
656.684429
652.762708
646.655480
642.540004
641.406820
637.477139
635.355739
631.259382
629.938182
627.194162
620.875433
618.500684
616.525539
614.712823
610.515566
607.833692
603.507927
600.170296
597.772855
591.045728
589.911773
588.125239
579.905588
578.483900
576.862566
575.313049
569.270866
567.630803
563.790589
561.162537
557.728353
555.263895
553.693713
549.749378
546.000984
544.220800
541.759231
539.467491
536.982335
534.685270
532.993693
528.698578
525.303110
520.901876
517.507227
514.902451
510.380985
508.956496
500.233727
498.619780
497.287954
489.085748
486.039444
484.827675
483.301816
477.316567
474.243046
473.081379
468.166917
464.175002
460.704819
457.081274
456.025544
449.980579
448.094385
445.401824
440.620013
438.927408
429.351857
424.408689
420.244463
418.731184
417.741129
413.187256
404.374354
403.054093
400.082596
393.741243
390.806970
387.248794
379.252768
374.425390
370.239516
367.255084
365.430036
359.145803
352.150697
346.751867
336.958528
