1600
92722.237844
25874.428838
17970.442640
15798.984130
14115.236777
13572.054053
12810.051040
12296.723126
11462.592278
11197.954366
11003.051535
10798.159581
10412.081759
10212.144341
10107.377179
9918.026440
9556.236280
9274.975672
9247.293785
8984.955130
8871.190746
8667.381760
8570.626747
8466.604195
8320.587109
8222.192122
8083.977756
8015.923050
7827.065547
7715.360239
7669.869499
7564.064908
7429.051734
7376.684091
7292.473279
7226.349335
7136.891579
7046.193241
7001.546937
6962.757726
6868.654788
6772.158317
6621.465693
6591.161718
6566.618938
6522.282557
6474.917399
6424.045250
6365.018257
6252.632571
6228.214368
6165.552992
6105.039481
6051.557443
5969.900010
5944.275402
5913.275842
5780.423118
5764.707087
5746.174833
5670.955480
5572.312126
5560.067511
5532.570755
5498.897308
5452.309634
5401.310758
5338.407971
5274.415434
5215.049966
5176.152490
5164.276292
5076.199647
5061.130090
5048.047311
5016.168148
4988.119327
4966.237397
4931.329333
4905.804981
4854.377267
4799.047523
4776.848103
4742.043461
4687.191016
4678.395187
4621.860945
4555.033955
4506.106003
4498.547922
4495.497282
4461.071507
4404.160785
4392.028575
4358.636968
4321.430227
4295.042211
4278.028003
4266.665378
4208.022840
4192.927170
4169.755059
4151.080589
4124.673074
4110.763362
4043.469026
4024.499980
3994.091444
3946.420753
3924.858594
3907.745260
3866.142114
3837.444794
3800.437650
3784.598336
3770.410125
3758.966699
3747.632478
3698.912722
3692.133132
3658.790027
3633.800114
3633.028156
3606.396901
3588.629833
3584.603245
3528.181872
3512.921852
3483.272682
3479.154064
3473.293517
3442.754500
3392.842219
3381.495489
3374.921983
3368.863322
3319.848440
3313.453138
3308.888308
3267.598978
3243.623939
3225.323042
3213.507255
3210.107793
3160.797817
3144.690973
3130.386646
3112.697425
3103.822386
3091.045075
3074.696180
3039.933003
3023.697950
3019.106625
2995.307577
2986.702057
2964.516831
2942.833707
2930.178223
2915.482218
2871.757970
2861.863257
2847.954529
2830.804703
2822.801163
2798.538402
2778.426605
2767.654447
2756.437580
2748.043845
2722.318205
2718.147452
2696.068299
2675.145102
2654.391790
2624.738845
2615.047435
2611.599876
2609.466967
2570.938381
2564.267948
2533.870160
2525.803098
2512.980866
2504.084820
2495.814701
2488.896134
2464.071969
2445.159107
2435.290917
2415.608720
2407.034148
2382.848201
2379.381242
2362.776837
2345.942074
2333.250638
2311.612599
2308.968725
2295.522464
2285.154170
2275.055751
2249.935683
2244.378736
2227.152955
2224.188474
2203.193425
2189.557224
2178.206940
2164.850070
2154.430605
2145.047911
2138.754155
2121.197837
2119.691076
2104.645550
2096.975546
2079.439366
2069.174647
2060.863110
2056.394876
2033.313159
2028.191482
2013.783478
2000.301854
1986.658816
1975.418545
1963.821438
1953.905735
1942.789863
1935.822509
1919.488262
1914.197820
1898.364663
1890.840123
1881.963113
1867.772281
1863.582362
1845.161759
1844.683238
1825.770087
1818.781563
1811.097125
1809.325633
1796.636872
1784.661600
1775.119131
1763.820260
1748.367506
1742.353894
1728.568011
1720.418681
1710.015067
1697.742623
1696.300415
1682.877108
1679.254244
1674.356615
1660.757555
1654.653391
1640.429666
1626.939339
1624.076082
1617.336650
1605.438650
1600.673160
1589.252576
1586.348542
1580.708368
1567.544358
1559.780052
1552.925478
1543.827278
1534.740027
1531.714932
1521.092354
1509.514045
1501.171228
1498.732355
1485.216570
1483.093281
1470.217723
1466.274947
1460.360299
1456.627682
1440.562040
1437.314100
1417.728118
1415.856567
1412.125011
1401.812024
1399.514762
1396.971068
1384.598818
1370.108495
1360.391448
1358.462429
1347.106677
1342.950981
1340.912534
1331.084302
1324.316700
1322.241653
1310.925112
1304.895305
1297.676683
1288.707803
1285.004027
1275.432791
1270.162749
1266.648446
1259.716922
1245.127542
1243.768672
1232.815779
1230.333668
1226.911446
1217.909718
1209.624952
1205.840125
1201.079879
1192.589072
1188.945760
1187.421730
1178.099061
1172.556209
1165.679797
1161.051984
1155.821958
1150.732469
1147.441048
1139.333143
1131.751906
1123.144851
1114.592590
1113.039220
1106.471192
1100.142952
1094.710384
1093.733167
1090.590997
1083.824021
1079.894070
1071.774502
1063.776164
1059.472963
1047.209614
1044.437296
1043.025992
1037.734100
1033.918172
1030.743956
1025.707562
1021.448390
1014.414939
1006.725838
1002.932397
1000.458817
992.151513
983.541513
983.199099
975.913941
970.387632
967.937622
964.180567
960.409435
953.097342
946.698579
940.425374
937.577507
935.348525
932.193574
922.291719
919.417975
917.312028
908.913308
908.268668
905.230416
899.792665
892.355142
884.038280
881.243500
877.096442
873.929480
867.649297
865.327014
864.920605
857.632360
853.351172
847.498341
844.566945
840.606980
837.136447
831.578311
827.807734
827.395527
825.703052
818.111492
814.375310
811.795029
808.766360
804.654161
803.880783
797.207757
794.604369
791.163619
786.811724
784.721120
779.372646
776.234253
771.642270
767.127108
765.880852
757.135610
756.000418
751.266846
746.284789
745.235695
740.517718
738.569153
733.668123
729.838594
722.431984
719.947596
718.391259
717.044037
710.494294
705.989655
702.142224
698.233408
694.844068
692.885669
690.321600
688.488571
685.145671
684.747347
681.868504
677.787491
672.367413
667.117235
665.760957
664.157316
660.971279
657.421449
657.126531
651.969352
646.885852
644.071813
643.912468
643.024160
636.960529
636.041848
634.073399
631.421358
629.947881
627.359741
622.689299
620.082823
617.903191
615.981131
610.032258
609.066959
607.735067
603.664900
600.885059
600.489575
596.268505
594.661733
589.668892
587.072265
586.160393
582.194673
579.633656
575.294322
573.403663
570.328187
567.127231
565.721215
564.773333
561.160759
558.485487
557.334542
553.278043
552.849290
551.116011
547.983516
545.161422
543.511860
539.743195
538.780378
537.796448
533.512641
533.118035
530.633265
526.825188
526.130749
525.635091
523.419822
521.733437
519.143399
515.592134
514.070974
512.429446
509.044936
505.816827
504.898493
502.577643
500.026716
496.566891
495.965954
494.290402
492.925708
491.854035
489.670575
487.401072
486.329813
485.143411
483.321687
479.824422
478.452734
476.284692
475.020966
473.448100
472.642019
470.153805
467.640837
465.834635
464.978545
462.049261
460.727819
458.167819
456.867397
454.846919
453.899708
451.893629
449.779122
447.904384
447.357715
443.259126
442.059514
440.620946
440.263284
438.824472
435.924406
434.320397
432.875100
431.904181
430.914002
429.939349
426.405382
425.122846
424.539055
423.722750
423.004955
420.737260
419.242403
417.437818
414.819222
414.493930
413.284913
411.841065
410.216004
407.822883
406.955478
406.005260
405.143743
404.967018
400.821297
399.020641
397.640150
395.111373
394.607965
393.172748
392.402056
391.492022
390.547816
388.604827
386.046567
384.508870
383.498925
382.171481
380.304790
379.450156
377.844310
377.668334
375.605005
374.268628
372.245690
371.855437
370.888462
366.943882
366.571635
365.057160
364.189577
362.340362
361.475868
360.615984
359.238229
357.002240
356.207896
355.174819
354.394938
353.720544
352.289553
351.886984
350.592742
349.899280
349.189148
346.376711
345.691417
343.035444
341.629046
340.746293
340.194417
339.420302
338.798850
336.471802
335.739387
334.900793
334.015476
332.504914
330.790937
330.254986
329.003741
326.849661
326.149530
324.726384
323.251761
321.413788
320.364082
319.549798
318.832430
318.227150
316.639532
315.553678
315.070777
314.105747
313.553252
312.579663
312.450168
310.068046
309.031894
307.826628
306.647593
305.754637
304.867831
304.741868
303.276148
302.394899
301.513820
300.532164
299.505545
298.732502
297.446190
296.777705
295.131668
294.676948
294.303591
293.532135
291.964761
290.914473
290.682139
289.622797
289.022164
287.702481
286.810966
285.558944
284.490558
283.830535
282.158664
281.642780
281.529273
279.638536
277.755381
277.332711
276.985538
275.909778
275.374243
274.346650
273.869869
272.526144
271.966600
270.244117
269.008661
268.027354
267.524009
266.567652
265.438600
265.100090
264.465325
264.236321
262.660863
261.872087
261.366366
259.992500
259.275809
258.992112
258.766852
257.128368
256.342853
255.568256
255.113354
253.775852
252.760923
252.235289
251.683624
250.141860
249.444767
249.349987
249.188635
248.085927
246.891887
245.343606
244.161533
243.726029
243.506932
242.158700
241.693942
240.456345
239.912600
239.051175
238.546704
238.367303
237.622360
237.027977
236.180172
235.768780
234.833638
233.229813
233.029155
232.530969
230.921620
230.499836
229.550121
228.609065
228.393318
227.704271
227.316460
226.915030
226.404816
225.737205
224.773999
224.614783
223.552962
222.814844
221.890262
221.286349
220.087003
219.274881
218.663725
218.467323
218.195488
218.066927
216.575935
216.139609
215.446014
214.867559
214.580483
214.012044
213.595592
213.216667
212.382631
211.556021
211.442787
210.942568
209.540418
208.842207
208.709709
208.283807
207.872777
206.405088
206.341914
205.489006
205.106225
204.171916
203.645623
202.669799
202.281835
201.701109
201.525162
200.611928
200.439406
198.811625
197.870482
197.783225
197.525873
196.573190
196.015073
195.413430
194.847004
194.277291
193.783183
193.076714
192.879252
192.158856
191.492954
191.168657
190.789077
190.216442
189.546942
188.738293
187.764920
186.741544
186.175436
185.985547
185.462689
185.230272
184.449681
184.353493
183.440936
183.330559
182.572754
182.214099
181.661402
181.412020
180.689471
180.390995
179.510286
179.118269
178.618920
178.515549
177.377914
176.919228
176.348260
176.075012
175.413419
175.072198
174.524632
173.619217
173.317156
172.513625
172.301712
171.504471
171.217957
170.643732
170.021962
169.808966
169.654355
168.966404
168.793211
168.464208
167.746251
166.685784
166.014060
165.689480
164.932936
164.639293
164.267362
164.013948
163.452653
163.151894
162.388658
161.800237
161.226085
160.949182
160.363658
159.762737
159.285289
158.922236
158.598109
157.777305
157.492579
157.010765
156.603232
156.163883
155.417772
155.162987
154.793985
154.516304
154.107479
153.945439
153.480629
152.981869
152.308756
151.727096
151.483968
150.982046
150.838732
149.747334
149.364012
148.865291
148.380535
147.980347
147.150415
146.889382
146.678399
146.377827
146.246456
145.015358
144.518933
144.232692
143.820610
143.339296
142.836404
142.769049
142.285441
142.161988
141.573101
141.376301
140.673181
140.249901
139.959689
139.941549
139.145800
138.858553
138.290515
138.174521
137.437382
137.137168
136.773459
136.448642
136.114138
135.789620
135.061367
134.662937
134.226171
133.803088
133.356951
133.123180
132.686417
132.516540
132.245453
131.466478
131.194389
130.826708
130.298477
129.902978
129.430160
129.305701
128.914154
128.100989
127.879951
127.096285
126.940724
126.820924
126.059827
125.940017
125.584585
125.041983
124.475759
124.025859
123.760188
123.325655
123.137039
122.814512
122.224723
121.916417
121.151475
120.895926
120.760832
120.544130
120.135152
119.761338
119.648545
119.461254
119.336984
118.957491
118.058071
117.480217
117.258535
117.144503
116.808099
116.359445
116.055189
115.630059
115.200053
115.165416
114.669023
114.296626
113.688308
113.461830
113.170537
112.843515
112.262637
112.125149
111.354544
110.775125
110.512215
110.159851
110.034656
109.937131
109.383682
109.010173
108.924943
108.418682
108.262914
107.918825
107.704943
107.336823
106.926450
106.449665
106.195097
105.618979
105.491226
105.129078
104.874236
104.217926
104.074811
103.632890
103.341452
103.060104
102.763980
102.283017
102.186759
101.885915
101.572005
100.958315
100.771039
100.362899
100.244456
100.123210
99.583119
99.082645
98.541491
98.494444
98.193147
97.975824
97.690437
97.231143
96.862746
96.764137
96.530817
96.247908
96.035061
95.687803
95.407221
95.120660
94.748587
94.199804
94.067611
93.865294
93.471909
93.352370
92.948892
92.621559
92.187698
92.022004
91.522928
91.322716
90.724566
90.581866
90.282481
89.743260
89.586227
89.362190
88.913407
88.842553
88.598380
88.310637
87.903166
87.502685
87.401577
87.120186
86.697914
86.620054
86.051492
85.857793
85.707449
85.174078
84.998465
84.871196
84.497738
84.152522
83.884680
83.676064
83.478931
83.152076
82.729380
82.527227
81.930354
81.769748
81.626860
81.516009
81.105732
80.812039
80.421996
79.985938
79.814338
79.639664
79.373857
79.262001
79.086446
78.809248
78.108628
77.996953
77.866302
77.319114
77.042871
76.755032
76.562706
76.419926
76.016725
75.945334
75.489611
75.352813
75.088524
74.841014
74.477426
74.388115
74.042943
73.758557
73.424649
73.181763
72.880502
72.742850
72.677190
72.165774
72.011137
71.921097
71.695377
71.308984
71.088548
70.778319
70.488329
70.295337
70.128075
69.808588
69.560440
69.276384
69.175152
68.992119
68.847788
68.719939
68.403992
68.267421
67.879854
67.678540
67.487698
66.932661
66.818209
66.796962
66.456625
65.926918
65.590316
65.542685
65.148519
64.812152
64.776420
64.622658
64.373911
64.140802
63.953435
63.857374
63.486760
63.374815
62.997832
62.779084
62.539518
62.034238
61.968019
61.605372
61.388179
61.159784
61.100924
60.878699
60.458411
60.368308
60.124911
59.923109
59.773508
59.523818
59.321326
59.084087
58.808512
58.534334
58.266037
58.260771
58.107053
57.948582
57.544444
57.417175
57.144191
57.116365
56.823747
56.441213
56.193195
56.017600
55.933705
55.553859
55.489850
55.069269
54.889766
54.793704
54.664490
54.381704
54.289156
53.980720
53.875750
53.703053
53.335879
53.262155
53.083419
52.918667
52.643004
52.535053
52.164827
51.891278
51.763516
51.602702
51.450750
51.171051
50.826243
50.747774
50.568383
50.174209
50.169714
49.889937
49.813684
49.602946
49.511871
49.353233
49.283532
48.549735
48.470675
48.412817
48.227987
47.983055
47.782699
47.743202
47.227845
47.039012
46.916566
46.907218
46.807317
46.630168
46.458282
46.270408
46.102283
45.921554
45.618784
45.559872
45.279867
45.229482
44.943040
44.840701
44.661726
44.434026
44.298436
44.274534
43.860230
43.775039
43.734284
43.430197
42.973529
42.827624
42.564172
42.557745
42.340853
42.203056
42.138370
41.893537
41.655257
41.542153
41.384121
41.249227
41.114023
40.962561
40.825844
40.574474
40.503406
40.081523
40.023263
39.857024
39.640055
39.524655
39.286483
39.156447
39.000903
38.820474
38.732042
38.584956
38.370819
38.327595
38.012521
37.917767
37.613727
37.518314
37.341520
37.225553
37.083054
36.952648
36.828578
36.708137
36.591990
36.583429
36.171516
36.070599
35.912696
35.866221
35.746531
35.571249
35.427631
35.250836
35.095492
34.782548
34.710634
34.490697
34.407823
34.378395
34.175572
34.007930
33.870050
33.658549
33.407055
33.303219
33.275092
33.151812
32.854267
32.740357
32.644699
32.531963
32.508017
32.324595
32.039388
31.834657
31.787714
31.730941
31.595514
31.408311
31.201157
31.129557
31.000807
30.791292
30.740388
30.603153
30.282680
30.213389
30.029541
29.795818
29.737397
29.498758
29.424529
29.386681
29.108750
29.055472
28.876403
28.825716
28.766949
28.545922
28.421203
28.272070
28.207251
28.039257
27.978136
27.905604
27.728083
27.645667
27.353302
27.296864
27.236508
27.103094
26.731886
26.665486
26.580795
26.470079
26.307974
26.206046
26.111881
25.933876
25.824656
25.674086
25.607825
25.544725
25.379809
25.295220
25.182760
25.044484
24.938520
24.834299
24.602500
24.531660
24.479509
24.340558
24.180176
24.122307
23.930073
23.867405
23.763179
23.642082
23.461647
23.373267
23.211267
23.119946
23.094587
22.945894
22.769187
22.712651
22.579701
22.398074
22.244564
22.114934
22.015161
21.930478
21.899647
21.768531
21.466006
21.394650
21.266277
21.224855
21.121680
20.891010
20.752542
20.707178
20.548036
20.487538
20.351179
20.194517
20.059842
20.044829
19.821598
19.781771
19.584948
19.541719
19.445478
19.213332
19.141798
19.026344
18.895283
18.783450
18.669079
18.530486
18.442907
18.310491
18.259374
18.193767
18.121056
17.927831
17.794904
17.701134
17.588470
17.410851
17.317093
17.209252
17.026888
16.984614
16.758000
16.710908
16.682418
16.451559
16.427846
16.303606
16.206354
16.160433
16.016198
15.936370
15.667361
15.633914
15.506648
15.426070
15.300422
15.243869
15.120160
15.008769
15.001309
14.875907
14.695990
14.612500
14.494630
14.459637
14.332591
14.154172
14.116490
14.054605
13.968426
13.761997
13.725091
13.607313
13.428114
13.284113
13.257661
13.197998
13.044413
12.901928
12.854576
12.551570
12.487213
12.420053
12.305031
12.148278
12.082043
12.021596
11.958189
11.884446
11.693616
11.608846
11.533822
11.449829
11.407502
11.277780
11.123261
11.033347
10.971528
10.809605
10.750523
10.593301
10.503090
10.446189
10.442046
10.391168
10.245472
9.987561
9.940765
9.744789
9.625260
9.576827
9.539330
9.402824
9.249111
9.148141
8.969103
8.891275
8.799033
8.687213
8.612676
8.540649
8.424356
8.334220
8.191980
8.092651
7.938999
7.824632
7.783982
7.688173
7.588924
7.540304
7.414931
7.314428
7.193149
7.133404
7.041434
6.994763
6.887550
6.776937
6.628875
6.516698
6.415911
6.377978
6.264131
6.174740
6.055766
5.840471
5.764404
5.633137
5.594029
5.525468
5.433541
5.326170
5.291555
5.245668
5.051259
4.965587
4.897831
4.745523
4.695250
4.530439
4.432728
4.299894
4.221795
4.154870
4.067924
4.012517
3.854830
3.726700
3.630905
3.439494
3.299878
3.231893
3.198753
3.081277
3.047045
2.998488
2.856464
2.728486
2.691436
2.556213
2.461598
2.326212
2.233527
2.181821
2.085099
1.948532
1.896209
1.718217
1.688744
1.611658
1.452720
1.336388
1.220419
1.056575
0.977671
0.920419
0.851755
0.724904
0.695040
0.449803
0.285665
0.272764
0.076325
0.069691
0.030246
