845
62248.256086
15598.062436
15058.655398
12971.987779
12500.168903
11324.461917
9197.679750
8734.104212
7966.689014
7826.919559
6915.396651
6368.446594
6181.151519
5969.334594
5699.778566
5214.575700
5057.108598
4436.781566
4077.048783
3913.582885
3677.255799
3513.209562
3418.528165
3361.978603
3167.155422
2958.367483
2848.234528
2698.028958
2594.948482
2544.097164
2438.530572
2357.273232
2258.716596
2141.355891
2115.759495
1995.561856
1971.297080
1929.264826
1890.836327
1831.798804
1801.882120
1771.537514
1722.551505
1671.679353
1655.921375
1614.962164
1606.654088
1574.535577
1526.612414
1520.880110
1487.920127
1465.019697
1423.985382
1421.238074
1406.066029
1375.647684
1345.463009
1340.072249
1333.413438
1318.151383
1309.390588
1290.714839
1283.133614
1270.897541
1260.578252
1248.938400
1242.095562
1232.705456
1220.975591
1207.255691
1203.852954
1195.456711
1189.156001
1178.599129
1172.072600
1168.597158
1151.579930
1145.745471
1144.529795
1139.582710
1135.011906
1131.006023
1124.387063
1119.227309
1114.248310
1103.242276
1101.031248
1098.795788
1094.504851
1089.840524
1083.954491
1080.916313
1079.156752
1069.648830
1067.137556
1062.824462
1056.224784
1054.408135
1050.999158
1048.193473
1038.297915
1035.462218
1030.092587
1027.449450
1021.546801
1020.176599
1016.986834
1016.708448
1011.030425
1008.884916
1002.455047
998.206535
994.877613
992.708295
990.919359
986.185730
984.335367
976.069221
975.052408
971.655080
969.234628
963.421686
962.703295
956.427953
954.387303
948.859568
948.386345
945.579027
944.639707
939.116828
933.144417
930.312487
929.494419
925.580125
922.290856
919.724029
918.445227
915.347811
908.970035
905.948783
903.426324
902.163304
899.441408
897.768342
893.745375
892.077812
888.417229
885.655449
885.107581
880.581074
880.453929
878.223524
876.916983
873.714529
870.649081
869.064201
867.419197
864.639444
863.828805
860.504272
856.803894
855.122853
852.145851
850.333362
848.968774
848.571065
844.873604
842.223226
840.275369
837.230796
834.673917
833.215239
832.883756
832.030835
829.470385
826.062991
823.714227
822.782707
819.230635
817.225546
815.638166
813.517038
812.922068
812.161476
806.912553
805.556309
803.405071
800.697812
799.119490
797.318323
795.231572
792.843668
790.453571
787.975049
786.006129
784.169577
783.809956
780.260040
780.000732
775.730286
773.791092
772.763591
771.622203
768.827503
767.502477
765.982954
765.400047
761.321670
760.440645
759.000887
757.661765
755.565690
753.839586
752.434330
750.464262
749.640409
745.118902
743.996667
741.821174
741.288894
738.067408
735.518769
735.123242
733.087500
732.165845
731.270773
730.113703
728.915529
726.502653
724.237067
720.881057
718.641705
717.153972
715.367009
714.242032
712.546182
710.678430
709.029097
708.526106
706.622380
704.900385
703.119401
701.633463
698.411750
697.765866
696.793670
695.262127
693.297343
691.730688
690.910960
688.557550
688.079808
686.279966
685.400435
684.419085
683.442347
681.322444
681.144233
678.198499
676.620991
674.457582
673.606764
673.505259
672.235790
670.230434
669.630840
666.230860
665.325701
662.914241
662.244007
660.012085
658.541637
656.614054
655.671874
654.347648
653.097859
650.233750
649.324039
647.403985
645.643973
644.439092
643.928263
642.321437
642.076244
641.575376
638.671660
637.010525
636.131681
634.797399
633.564106
632.726144
631.147069
628.917097
628.429321
626.711981
624.673880
622.645969
621.775786
621.339319
620.290311
619.676217
618.476661
616.067920
615.571982
613.171271
612.900331
611.261097
609.749405
609.000483
608.373368
606.293224
606.130493
604.774222
602.571518
602.291731
600.871082
599.220562
596.812803
595.623542
594.761778
592.441790
591.932329
590.381213
589.146109
587.839276
586.863595
585.976616
584.542536
583.444949
582.089949
580.813913
579.625310
578.554075
577.409691
577.012078
575.794592
573.437702
573.336135
570.770178
570.210673
569.952141
567.915577
566.291905
565.289200
564.568845
563.636676
563.134630
561.589998
559.762803
559.434311
558.010839
555.690938
553.761344
553.253254
550.642663
549.967128
549.270698
548.076989
547.160762
546.542977
544.056794
543.705876
542.002758
541.089995
539.920607
539.219139
538.507718
537.663948
535.670139
534.651563
533.716209
533.205905
532.677667
529.621497
528.639825
526.931234
526.427873
526.011083
524.687010
522.465696
521.431771
521.112742
519.862007
519.073471
518.511137
517.212133
515.477304
514.879883
513.649412
511.848210
510.938528
508.891255
508.090491
507.435598
506.250107
504.044592
503.929212
502.343657
502.082176
500.782796
499.573081
499.158464
498.091180
496.587465
495.976024
494.252735
493.550169
492.880997
491.841248
490.748488
489.529998
488.724698
487.918746
486.440486
484.995079
483.942715
482.862207
481.872925
481.294502
480.541729
479.487743
478.117757
476.028300
475.062603
474.226003
473.527700
471.862112
471.284608
470.178744
469.468179
468.686127
467.078074
466.136197
465.599222
464.008705
462.854070
462.083648
461.741807
460.285088
459.656672
459.205993
458.153396
457.438746
455.904428
455.391888
453.737128
452.236279
451.147667
450.180604
449.414327
448.094967
446.763865
445.691221
445.294260
443.716079
443.310352
442.522789
441.111981
440.218294
439.260262
438.242230
437.502355
436.752011
435.980264
435.066010
433.855846
431.884196
430.680346
429.869944
429.310509
427.917638
427.090184
426.164428
424.130101
422.981485
422.101710
421.583354
421.068294
419.944833
419.247789
418.750167
418.248153
417.553854
415.949090
415.393928
414.115101
412.629619
412.195162
410.834252
409.518957
409.235644
408.546468
408.226042
407.135684
404.835953
404.565713
403.525468
403.248452
402.360080
401.386746
399.145900
397.629182
396.908579
395.883678
394.905973
394.140809
393.275480
392.389713
391.297841
390.772869
390.184580
388.958670
387.448315
386.783855
386.235370
385.642917
383.243564
382.440138
382.170903
381.350455
381.022039
380.572095
379.445166
378.612680
377.648989
377.074177
375.425349
374.485780
373.841180
372.914008
371.681075
370.951818
370.173262
368.944027
368.307059
367.739431
365.826828
365.544927
364.558668
363.282092
362.298585
361.720778
361.161597
360.856322
359.115365
358.943894
357.918589
356.576892
356.011579
354.827732
353.832472
351.863735
350.549839
349.224186
349.005922
348.844891
348.169374
346.478404
346.288131
345.752299
344.849355
343.598030
342.245014
341.549363
341.063576
339.963388
338.894196
337.834977
337.187429
336.481747
335.485130
334.840951
333.671720
332.610108
332.181408
331.713700
330.530608
329.473985
328.935285
328.516957
327.224525
326.506495
324.535810
324.001790
323.781134
322.665931
322.349739
320.504427
319.176248
318.426168
317.827107
317.095084
316.757002
316.022699
315.202272
314.499021
312.803608
311.788171
311.203063
309.397878
309.268727
308.406429
308.159475
307.207156
305.609514
304.466413
304.244490
303.850627
302.082460
301.414259
300.649847
300.252649
298.761425
298.174647
296.600361
296.176422
295.443281
294.017121
293.746274
293.191240
292.286498
290.453059
290.238727
290.066273
289.031256
288.626530
287.492807
286.641375
285.694101
285.049505
283.841936
283.237125
282.423880
281.446693
280.505960
279.696243
279.536342
278.783636
277.707239
276.533167
275.355131
274.813168
273.634483
272.380787
271.242678
270.291489
269.732310
268.583765
268.092964
267.716079
267.424730
265.942989
265.201324
263.837848
263.227872
262.273420
261.848360
260.649035
259.809969
259.159690
258.157770
257.044527
256.371671
255.892319
255.022407
253.388367
252.109648
251.946260
251.571862
250.078093
249.742005
248.752315
248.192681
248.036761
247.550131
245.821460
244.394434
242.840723
241.771580
241.389660
240.879734
239.922018
239.592165
238.827849
237.539392
236.909806
235.879695
235.230395
235.001067
234.159877
233.162692
232.391526
231.468507
230.992933
230.267081
230.078838
228.620166
227.599902
226.413281
225.783919
225.409747
223.630919
223.466830
222.899482
221.829787
221.065793
220.931497
219.788934
219.311831
217.488322
217.130988
215.837948
215.469646
213.186064
212.729326
212.428075
211.494009
210.907098
210.015744
208.802594
207.976826
207.286077
206.391820
205.405210
204.464385
203.948610
203.010259
202.359324
201.154892
199.878337
199.130172
198.793010
198.426946
197.273739
196.974716
196.428168
195.937173
195.226472
193.913133
192.983663
192.419038
191.944675
190.788317
189.426303
188.712243
187.935860
186.863767
186.476636
184.778956
184.234468
183.911177
182.345869
181.391936
179.910165
179.301544
178.961775
177.915820
177.090905
176.242159
175.324764
174.814317
174.546416
173.048586
171.874545
171.256611
170.381473
169.169218
168.811835
167.634917
166.692670
165.656162
165.136750
164.460352
163.760419
162.284521
161.569264
161.415577
160.861743
159.317478
159.014875
157.014274
156.317703
155.998726
155.223492
153.360452
152.907353
152.009594
151.093125
150.073795
148.669091
148.272190
147.136259
146.861239
146.415223
145.249448
143.246133
142.826566
142.083624
141.358120
140.052032
139.467668
138.433738
137.968819
137.102503
136.594158
136.432470
135.010493
134.294152
133.464486
132.266770
131.073844
129.877571
128.668211
127.618428
126.818112
126.067727
124.939352
123.827725
122.977598
122.313746
121.200783
120.764117
119.631573
118.868516
116.622429
115.309534
114.542691
113.932959
111.951639
110.992469
110.151893
108.856405
107.789504
107.195874
106.401049
105.704697
103.202112
102.700917
101.488704
98.479283
96.765890
94.848751
92.164754
91.105123
85.637189
