845
64762.732943
14542.905719
14199.973608
10174.053096
9938.531388
9393.370987
7766.166687
7650.456385
6770.697782
6731.512061
6386.298257
6286.184788
6062.098142
5561.985525
5453.011412
5228.876792
4879.938289
4592.947834
4375.670653
3956.705334
3761.885729
3661.643655
3434.608675
3307.213524
3186.433115
2958.813964
2784.383140
2744.326759
2635.776131
2475.960872
2400.702833
2264.113931
2163.274096
2147.372711
2124.229440
2055.786302
2030.768731
1951.749526
1898.632720
1827.817728
1798.756386
1750.896826
1706.820521
1698.201588
1666.541110
1639.926038
1611.160836
1578.622172
1564.746588
1542.924739
1531.870619
1515.318329
1462.298499
1453.252264
1422.394549
1399.573122
1394.629926
1385.440283
1361.165612
1350.684651
1337.591730
1323.745142
1322.603786
1317.507532
1305.969323
1302.695900
1298.087430
1291.059078
1279.964466
1268.175806
1264.249420
1252.745928
1247.330715
1237.196779
1233.532741
1230.504732
1225.480569
1216.814966
1211.890919
1207.796570
1193.874333
1191.013758
1187.540249
1181.283064
1179.085178
1173.074900
1171.118873
1168.266668
1161.650862
1158.562030
1156.265823
1151.124175
1150.038407
1142.707362
1138.920846
1135.893652
1132.604996
1125.722256
1121.109264
1117.626304
1113.679338
1109.918616
1106.898984
1103.661178
1100.620309
1099.091510
1096.094481
1090.270336
1087.838598
1082.866873
1079.601602
1074.392271
1071.865568
1068.672160
1066.934668
1065.372415
1061.929184
1059.568672
1056.269043
1054.415075
1051.738364
1047.964269
1044.917704
1043.549828
1040.875178
1038.376348
1034.447101
1032.547101
1031.155610
1028.330609
1024.510089
1022.798325
1021.126265
1017.245316
1014.920023
1012.683183
1011.317708
1008.931817
1006.645250
1004.378142
1002.676933
999.997458
997.052319
995.253240
994.293069
989.121571
987.236963
981.447825
980.994960
979.651906
978.717299
975.931515
973.799099
972.819827
970.656702
967.335532
965.009863
961.976129
958.847794
956.425702
955.137144
952.442144
949.463586
947.336413
945.007906
943.630474
942.476744
940.782772
938.584449
937.664316
935.218173
931.281144
928.764225
928.338248
927.781436
925.009746
922.481141
919.645376
918.399146
917.079597
915.151551
913.933123
910.801364
908.202857
907.202280
906.260427
904.450442
902.968238
901.895356
900.646720
898.984054
896.372652
894.080335
890.315416
889.297628
888.316776
884.507428
882.945700
881.175259
879.346399
878.188439
876.927699
874.568477
872.732638
870.721671
869.151469
866.424987
865.600859
863.135862
862.864785
861.587073
860.065013
858.339192
857.486283
855.885819
854.320041
852.676209
850.569904
850.195575
848.759273
845.232760
843.707229
840.659041
838.092453
837.246516
835.512356
833.767560
833.064984
830.990446
829.003568
828.363768
827.025985
825.335970
822.497808
822.150975
820.677003
818.819206
816.325395
815.379661
812.294452
810.906952
809.364709
808.620059
807.180264
805.032404
804.428063
802.389205
800.104699
799.706867
797.596874
796.044174
793.419127
791.351167
789.891515
789.525462
786.220184
785.349892
784.440552
780.671133
780.314228
778.960841
778.098866
776.966093
775.114152
773.379990
772.247695
770.478148
768.768192
766.865547
765.466301
763.992387
763.489955
761.432034
759.665707
758.114835
757.677803
755.720049
754.411840
751.971048
750.471350
748.851045
747.365329
747.005523
746.661162
745.569151
742.268114
741.487374
740.359831
738.601729
737.168899
735.502928
734.089563
733.505006
732.533680
731.571803
730.842990
729.441998
727.591641
724.541104
723.912887
722.995483
722.363787
721.208058
719.111282
718.324575
716.514693
715.926171
713.836614
711.061493
709.937473
709.596088
708.094271
706.174749
705.560125
704.268796
702.319303
700.400725
698.600346
697.918186
696.926970
694.883650
692.764878
692.381599
689.437890
687.935030
687.222733
685.356949
683.603614
681.455768
680.943915
679.979252
679.739674
677.148295
676.563230
675.716131
674.204684
673.273145
671.735382
669.346096
669.059004
666.728044
665.758409
665.106891
662.869926
662.379679
660.826850
660.129366
657.760047
657.301243
655.117126
652.660066
652.205317
651.449038
651.154863
649.466741
648.369805
645.852326
645.539278
644.160268
642.973505
642.365058
640.964351
639.701207
638.631638
636.988810
636.468124
635.518236
633.052993
631.773045
629.959969
629.729379
627.341264
625.563660
623.975763
623.377051
622.813287
622.584869
621.743711
620.250729
619.475794
619.176590
616.845082
614.412381
613.028910
612.051494
611.312323
610.495039
608.757426
608.140007
607.021573
605.358748
603.296377
602.649282
601.237651
599.296711
598.251252
596.947693
595.901963
595.199420
594.257685
592.860804
592.252397
590.715619
590.528722
589.943647
587.229915
585.234937
583.550834
582.997144
581.466585
581.194083
579.545880
579.024220
577.660564
576.651450
575.074382
574.630390
572.378358
571.617284
569.352984
567.299393
567.058924
566.121109
564.101383
563.502852
562.275437
561.798137
560.948512
560.615364
559.593261
557.689182
556.783510
553.752023
553.403237
552.091847
551.564857
550.878904
549.469300
548.361998
547.211119
546.024285
545.454663
543.038730
542.868076
542.006057
541.520141
539.456589
538.094017
535.820693
535.699809
534.399371
532.814253
532.003639
530.915280
530.471878
528.685774
527.676344
525.940533
525.210676
524.440637
523.656446
523.147820
522.525860
522.194831
520.507607
518.813470
517.203545
515.800861
515.672398
514.525317
513.963312
513.452017
511.331322
510.646619
509.638452
507.497668
507.241828
505.828636
504.650598
503.663385
502.791553
500.515799
500.008931
497.885364
497.855983
497.202530
496.154475
494.954487
493.078420
491.495669
490.526453
489.617822
488.510913
487.143910
486.053521
484.368008
483.254163
483.140430
481.593353
480.805603
479.693195
477.887641
477.122529
476.566184
475.637316
474.245323
473.154064
471.789269
470.834879
470.721994
469.930891
467.855027
467.300086
466.216826
464.044225
463.620880
462.848832
462.015578
460.520102
459.875442
458.990499
458.495800
456.629433
456.556963
454.101537
452.848098
452.516583
451.327158
450.293731
448.486937
447.105711
445.517942
444.514837
443.488656
442.678352
442.482861
441.804216
439.569598
439.311869
438.353448
436.620596
436.320908
434.129076
432.836927
432.555224
431.537190
430.713697
430.082152
429.598399
428.324043
426.057110
425.200138
423.839789
423.371749
422.492868
420.580807
420.254277
419.029723
418.252077
416.695584
415.639874
414.952121
413.869867
412.829156
411.969930
410.478102
409.524795
409.325839
407.528963
406.199740
404.940528
403.553361
403.277631
402.023915
400.885531
400.084160
399.250231
398.166789
397.173125
395.683220
394.895153
393.549743
392.993564
392.119790
391.601389
389.736878
388.572438
387.635573
386.879313
385.313302
384.639869
383.645195
382.393329
381.698336
380.600278
380.141462
378.114036
377.691301
377.031247
375.296033
374.721303
373.969912
371.966769
371.746122
370.910963
370.068703
369.567185
368.545269
367.626213
366.613574
364.873854
363.317645
362.484846
361.400722
360.884635
360.096273
358.517165
357.341169
356.835169
355.550189
354.762392
353.180622
351.758970
350.862783
349.870736
348.616994
347.367117
346.126139
345.693027
344.325794
343.665388
342.978196
341.513388
340.658120
339.831667
336.961890
336.617125
335.997812
335.467400
334.938684
334.248286
332.628108
332.107237
331.036937
330.129433
329.863702
327.304573
326.965741
326.621889
324.963669
323.119434
322.758298
322.289340
320.032724
319.341759
318.534846
317.991234
317.172999
314.593337
314.438138
312.348523
311.769663
310.720226
310.154430
308.469020
308.162505
307.562770
306.453490
305.218938
304.974672
304.097836
301.936055
301.680526
300.326367
299.450209
298.548469
297.266820
296.528311
295.462134
295.049699
294.873712
292.866360
292.495429
290.609597
289.844816
289.289334
287.520894
286.055512
285.972560
284.439254
283.781673
282.884476
282.316602
281.327317
281.075618
278.498170
277.058018
276.329909
275.697560
274.007437
271.647063
271.392707
271.061221
268.997607
268.890521
268.501175
267.623246
266.597913
265.385399
264.415526
263.116030
262.140602
261.462462
260.766424
259.890344
258.758450
257.244574
256.529619
255.247136
254.419757
253.041969
251.923468
251.016123
249.291792
247.857800
247.467858
247.271319
245.694776
245.373961
244.764741
244.166288
242.177196
240.687542
239.262749
238.105782
236.827009
236.502003
235.092739
234.484334
234.249411
232.895771
231.431107
230.809777
229.869048
229.005143
227.901313
226.932378
224.981637
223.747323
223.309781
221.993253
221.635902
220.921974
219.563782
218.855368
218.140412
217.311643
216.384516
214.422412
213.813412
212.087672
211.170211
210.065283
209.666013
209.361813
207.786082
206.733732
205.815594
205.557383
203.877110
203.274920
202.334785
201.107832
199.963441
199.239175
197.816161
197.317878
196.015775
195.337268
193.957872
193.097845
192.735211
191.311834
190.032911
189.618610
188.258150
186.016907
185.703149
185.230906
184.097375
183.354012
181.380089
180.536430
179.450551
177.742005
177.278544
175.987068
174.891065
174.101553
171.991941
171.018289
169.866537
169.310022
168.054342
167.493091
166.081485
164.266237
163.013122
162.509973
161.060304
159.451963
159.039804
156.203952
155.698579
155.489116
153.896624
151.276443
150.636517
149.289814
147.651194
146.503040
145.997092
145.069162
143.341850
141.562429
140.424066
139.434857
137.158175
136.110083
135.506711
133.415528
132.838123
131.068852
129.833144
127.909990
127.222094
126.361543
123.354484
122.545073
121.151124
116.731515
115.335858
114.434209
113.579173
111.833448
