1517
202697.282722
22870.081855
20747.709692
15538.806924
14214.815386
13590.631820
11758.687944
11508.635156
10663.232126
10048.836249
9932.566488
9486.063751
8902.905750
8761.078955
8722.668727
8050.654634
7879.229699
7567.421170
7518.805785
7270.456422
7198.795592
7069.452470
6974.958016
6797.638646
6708.200333
6643.848448
6585.333256
6459.044922
6389.136814
6272.395128
6203.767682
6124.199688
6036.123289
6028.739392
5927.002257
5896.766651
5813.579454
5679.023634
5577.167011
5485.063664
5397.073887
5359.333854
5312.465088
5257.059694
5194.247881
5149.585487
5074.258701
5033.043350
4956.945190
4946.559415
4881.510470
4857.408098
4751.147403
4736.607113
4687.927773
4647.209630
4639.763819
4568.013583
4508.714866
4444.384820
4429.819236
4368.525201
4332.443315
4282.816213
4277.129068
4273.606627
4206.763483
4179.535968
4135.370446
4072.497154
4005.059871
3984.026908
3971.872497
3945.051623
3896.307624
3871.153069
3843.367448
3833.462610
3776.712806
3767.876972
3733.621654
3663.556933
3656.536614
3610.040954
3584.264889
3575.852541
3531.914065
3511.984613
3502.679449
3484.197961
3459.438237
3442.364284
3386.640567
3351.188883
3330.616762
3307.526492
3287.402840
3255.725003
3247.846224
3222.376964
3212.276826
3173.008844
3148.442061
3124.362678
3116.077828
3098.923238
3077.517202
3049.703013
3028.350427
3017.064947
2973.049017
2939.660178
2932.810964
2910.219434
2902.753977
2890.697723
2853.027397
2847.694444
2825.651404
2821.642395
2807.046632
2793.579354
2762.709659
2760.753288
2740.408456
2721.921152
2684.632610
2666.010503
2661.341855
2654.864959
2630.797292
2616.871633
2609.349510
2598.718152
2571.046403
2565.765183
2554.993067
2544.902756
2528.081329
2514.100019
2511.087235
2500.605237
2476.701406
2465.421014
2452.401606
2439.988791
2430.777851
2416.127923
2404.255328
2389.813498
2373.095448
2357.115645
2343.332999
2335.471340
2326.120482
2311.239463
2305.676700
2293.289605
2274.197912
2266.981921
2257.686783
2250.154517
2239.068515
2225.898675
2222.590988
2207.601585
2190.728187
2187.944416
2165.789571
2158.923984
2146.154844
2137.707097
2132.338387
2124.480915
2114.625744
2104.546921
2096.811996
2092.547244
2088.002293
2082.418198
2077.028415
2054.743644
2033.506939
2031.060198
2014.493101
2008.665811
1992.485302
1988.335072
1980.402287
1971.778278
1965.832203
1962.153045
1944.207700
1936.646854
1932.649083
1923.651135
1921.348142
1914.792120
1902.727381
1897.858212
1894.110715
1885.455368
1880.243246
1871.197291
1856.831689
1854.480701
1844.092596
1833.465947
1826.176245
1822.118560
1808.990819
1805.474058
1798.297790
1788.214799
1771.620674
1767.302007
1764.302770
1761.179182
1755.457062
1748.652814
1742.661086
1731.651500
1725.263234
1711.315057
1707.035488
1703.173475
1693.317771
1686.817171
1679.946457
1667.578071
1666.151174
1659.393333
1649.769656
1645.605239
1641.222375
1633.932226
1626.187058
1621.953359
1618.749129
1607.749754
1604.787712
1599.788237
1596.126211
1590.478556
1587.250629
1584.952242
1578.539806
1574.701459
1569.475153
1561.768834
1549.718220
1545.269384
1541.618989
1537.850252
1533.052337
1527.711743
1524.513132
1520.797142
1511.354956
1505.710572
1498.939636
1492.736073
1483.291370
1481.760073
1479.904123
1472.125834
1468.505398
1455.882062
1451.402945
1445.404593
1438.871863
1438.279840
1431.301425
1425.037523
1424.314339
1414.754826
1408.614706
1404.276481
1398.775230
1395.468309
1384.944471
1381.237679
1377.511662
1370.775047
1368.284398
1361.546200
1355.179488
1352.148743
1348.822908
1344.859614
1337.927359
1333.133054
1329.961447
1324.834823
1321.573341
1313.947625
1309.303324
1304.262326
1300.626071
1296.588927
1292.570445
1288.678191
1284.203876
1281.672645
1275.969784
1268.869593
1266.716705
1261.771686
1256.881481
1254.022728
1245.710214
1240.893483
1239.392166
1235.061756
1233.789998
1228.311367
1221.852748
1219.918943
1218.348740
1211.554162
1206.414487
1203.231192
1198.959015
1194.501775
1189.259587
1186.313321
1185.241055
1180.207913
1176.363260
1169.692405
1167.147604
1164.053576
1159.864720
1156.093494
1148.914386
1145.461461
1141.791922
1137.726157
1132.003379
1127.682552
1123.344288
1120.086222
1119.628705
1110.835067
1108.775577
1101.922037
1099.264894
1098.043324
1094.377647
1092.802920
1085.352465
1081.659677
1079.974060
1073.204243
1072.363527
1068.737884
1063.754345
1060.022582
1057.290813
1052.256909
1044.447084
1043.768662
1041.193828
1038.994320
1035.032530
1026.467768
1025.474803
1021.993880
1019.618087
1016.988814
1012.433027
1007.744155
1002.896184
1000.758535
997.306528
988.079279
987.355067
985.491723
978.976931
975.173683
973.923777
970.585062
969.775704
961.354994
960.677964
955.587965
954.313363
946.703503
946.407669
943.266577
941.022317
934.875724
934.058324
931.113429
928.852508
924.423883
921.413350
918.089920
913.735075
913.220874
908.238778
901.672898
899.103418
896.919109
893.391424
892.258410
890.977685
885.781189
882.469239
879.055852
876.740791
871.775669
867.415182
863.924208
862.975396
859.804981
857.541678
856.202502
853.082936
846.704814
844.935684
841.880919
837.139631
835.748091
832.874352
827.556029
827.078454
822.367526
818.108265
816.643409
813.293348
805.378204
804.482089
803.677251
801.962252
800.483069
795.277710
790.944807
788.117711
783.774007
778.636046
776.734316
775.601820
774.633794
771.737282
767.393800
764.067655
761.176592
758.802532
755.494684
755.281820
750.404082
748.910603
745.984345
745.163568
742.271720
740.100106
734.983693
732.265687
731.063868
729.199123
727.083669
723.074373
720.855170
719.167155
717.916336
716.109652
712.944592
710.441587
708.618305
705.398053
702.440347
698.730330
696.193921
694.781035
692.829978
691.077104
689.834527
683.373179
681.532751
678.620101
677.934126
674.637185
668.638721
665.998655
663.703160
661.042933
659.161131
657.366960
655.440946
652.372806
649.511874
648.562677
645.808602
641.349418
638.790683
638.102921
635.728620
632.679043
630.266141
628.364457
626.837150
623.921082
620.341397
617.271303
616.037670
612.959117
611.689420
610.184954
607.866669
607.004723
602.980162
602.105279
599.154506
596.518017
591.820219
588.229754
586.435640
585.284231
584.119448
582.656365
580.374798
577.070274
575.455042
572.197020
570.640221
569.488199
567.080300
563.680686
561.504758
558.954607
557.306856
555.718379
553.926537
551.722265
547.745933
546.048187
544.214856
540.203002
535.623741
534.638002
532.524519
531.378433
529.869070
525.322351
524.370611
521.011805
518.806300
517.308288
516.580039
511.189295
509.629891
507.272834
506.683460
504.482883
502.819968
501.879878
499.126198
496.646036
496.222915
494.987476
492.912691
490.891332
489.413320
486.796068
486.066362
485.589428
482.682665
480.186293
477.984221
474.294091
473.225818
473.055934
470.475490
467.417805
465.351104
463.791684
461.280564
460.310974
458.828272
457.093012
454.838094
452.625969
451.256704
447.905973
445.122648
444.057811
442.103216
440.921727
437.180144
434.981528
433.945374
432.325016
431.457754
429.499559
429.102142
426.740623
423.706176
419.348242
417.741654
415.861431
415.358953
413.577838
411.409761
409.341630
408.168730
406.318594
405.253484
403.351562
399.780293
398.515346
397.247529
394.762787
393.467953
391.478947
390.172294
389.019877
387.883831
385.628984
384.392520
383.877135
380.971488
379.481398
378.938125
378.009283
375.563908
375.101025
370.968883
369.698441
368.034327
366.598484
364.010802
363.502122
362.134604
359.738407
357.174829
356.210011
353.869100
352.217303
351.777233
349.787428
347.559808
346.909880
345.281209
343.717389
342.904380
340.456272
340.105779
338.769503
337.958527
337.394218
334.567210
333.469624
331.676330
330.954863
329.640128
326.638997
324.187568
321.156819
319.316884
317.467469
315.714617
314.635222
313.832856
312.673743
311.411882
308.617795
307.542202
305.540093
304.343081
301.924670
301.807382
300.622291
298.415702
296.563074
296.344659
294.619224
293.323605
291.804229
291.233345
290.355820
288.143732
286.735759
285.457684
282.486607
282.379993
281.409633
278.553739
277.540238
275.446396
274.791150
272.996066
271.912544
271.602404
271.153518
269.348550
267.026410
266.096821
264.471451
263.855537
262.328038
260.610551
258.863783
257.334799
256.263689
255.511876
254.608907
252.991741
252.097701
250.259945
249.038881
247.851696
246.767129
243.159961
242.756958
241.089287
239.935480
238.898707
238.073054
236.832008
233.330923
233.211879
231.967519
230.900002
230.141198
229.686355
228.916155
226.664044
226.002763
225.625085
224.383811
223.774248
221.774814
221.003195
219.858477
218.037131
216.765094
215.853631
215.021105
214.685520
212.744279
211.972340
211.464575
210.701736
209.201887
208.836642
205.446945
205.251792
204.144771
202.297130
202.131575
200.503663
200.319915
198.636142
197.684407
196.608680
195.023176
194.734892
193.335576
192.136483
191.578668
191.131113
190.810386
189.351430
188.196844
187.407784
186.236518
185.007870
184.120077
183.955729
182.409083
180.725184
179.901020
178.144359
178.036985
176.702875
176.293299
175.090450
174.979897
173.840310
171.714240
170.915848
170.426159
168.909973
168.232755
167.213181
165.824781
165.385780
164.126399
163.263436
162.430614
161.480153
160.953153
160.486108
159.530167
158.876959
158.564273
157.698968
156.970469
155.788484
154.271200
153.183829
152.164628
151.609441
150.876397
149.953345
149.282255
148.089733
147.306794
146.416286
145.588795
144.460978
144.209282
143.332744
142.639170
142.298554
141.186639
140.348274
139.603379
139.357143
138.635913
137.274236
135.943241
135.498204
135.419339
134.332586
133.678967
132.478831
132.048279
130.951823
130.520149
130.234006
129.050900
128.192712
127.303956
127.058456
125.493537
124.941313
124.567271
123.518725
122.671796
122.176036
121.617777
121.361518
120.840400
119.724330
119.375359
118.668205
118.393905
117.333512
116.869936
116.067245
115.865136
115.628603
114.904097
114.250716
113.952381
113.510805
112.864125
112.189033
111.430491
111.224290
111.071968
110.298371
109.799547
109.460987
108.332880
108.126182
107.387533
106.272473
105.677394
105.418033
105.171045
104.720073
104.446868
103.373786
102.565300
102.053222
101.547867
101.173159
100.659362
100.516428
99.900569
98.727599
98.579433
98.058617
97.609688
96.554694
96.462287
95.825860
95.129341
94.581645
94.478621
93.531753
93.085702
92.930555
92.682434
92.320484
92.032548
91.251103
90.974123
90.564266
90.224117
90.201141
88.838289
88.675522
88.402205
87.982027
86.983283
86.906369
86.531479
86.332279
85.577340
85.096937
84.621791
84.318299
83.353452
83.141470
82.756608
82.418819
81.951553
81.916217
81.095386
80.891866
80.417994
80.039383
79.601471
79.236467
78.994841
78.844814
78.349643
77.884711
77.130058
77.066424
76.706679
76.264469
75.721637
75.410607
74.909687
74.389484
74.213849
73.999418
73.769185
73.640011
73.287736
72.873859
72.540642
72.060798
71.622686
71.106635
70.884452
70.634025
70.536365
70.251902
69.747567
69.399766
69.097467
68.797448
68.357491
68.187406
67.743492
67.533536
67.465827
67.065793
66.677489
66.281123
65.849326
65.648920
65.196844
65.121427
64.745916
64.534135
64.183983
63.724199
63.639015
63.602548
63.250635
63.129842
62.841292
62.679365
62.222696
61.963032
61.673907
61.011447
60.739927
60.369020
60.148127
60.003337
59.982530
59.941405
59.536765
59.263285
59.013130
58.426516
58.078929
58.014159
57.805579
57.458130
57.048816
57.010511
57.000886
56.824367
56.528768
56.168739
55.621701
55.536409
55.368211
55.306862
54.858806
54.658125
54.427803
54.064057
54.034562
54.004147
53.508684
53.334180
53.041678
52.714713
52.586216
52.498796
52.347143
51.831549
51.671065
51.532266
51.027553
50.898322
50.753267
50.559767
50.317086
50.079119
50.022148
49.816060
49.638725
49.496413
49.344232
49.144323
48.971662
48.742633
48.570624
48.341910
48.017596
47.962373
47.675728
47.481861
47.335665
47.141018
46.975846
46.921123
46.744584
46.406037
46.285819
46.185042
45.985576
45.956544
45.692729
45.487462
45.259640
45.086242
44.869252
44.759565
44.521242
44.381538
44.269735
44.029566
43.876949
43.840153
43.381981
43.156084
42.983422
42.795326
42.721360
42.678297
42.441127
42.362528
42.147237
42.106614
41.925025
41.866740
41.668045
41.451036
41.296264
41.279965
40.925980
40.794333
40.687294
40.508291
40.353653
40.341947
40.168925
39.986379
39.917386
39.804152
39.456240
39.263879
39.176715
39.040297
38.892865
38.731708
38.642582
38.554997
38.372027
38.341434
38.243631
37.990457
37.874005
37.694250
37.650842
37.492637
37.420620
37.097625
36.968497
36.877414
36.810294
36.533748
36.416717
36.139635
36.087102
35.963748
35.938310
35.696034
35.574187
35.435443
35.223497
35.017257
34.956296
34.854790
34.683292
34.483909
34.367160
34.363556
34.288492
34.239448
34.009806
33.924836
33.855045
33.831770
33.638754
33.521109
33.319901
33.233579
33.082623
33.040243
32.827135
32.803888
32.687274
32.577792
32.404813
32.381663
32.220079
32.010319
31.954846
31.888541
31.814552
31.690965
31.651306
31.533330
31.420385
31.374165
31.172277
31.033127
30.896557
30.766116
30.715974
30.573915
30.502906
30.377260
30.113697
30.026689
29.942184
29.806965
29.776526
29.689517
29.594259
29.523767
29.473134
29.224324
29.133876
29.104333
28.971681
28.753982
28.713693
28.617778
28.561955
28.496795
28.399453
28.213949
28.071732
28.001810
27.885183
27.772376
27.681137
27.639324
27.562246
27.403399
27.326772
27.218649
27.119237
27.021414
26.966351
26.896214
26.798044
26.628078
26.490655
26.427176
26.309073
26.281366
26.266726
26.170096
26.024665
25.990080
25.814057
25.737646
25.697809
25.653845
25.473763
25.420268
25.390867
25.306918
25.234178
25.093008
25.060165
24.999277
24.894917
24.798703
24.710940
24.572607
24.459800
24.383240
24.290556
24.190577
24.076207
24.043854
24.017379
23.906813
23.737036
23.705454
23.603350
23.528567
23.389883
23.370031
23.223205
23.124026
23.093934
23.073336
22.945460
22.871920
22.783953
22.709531
22.630187
22.588633
22.500718
22.459435
22.343066
22.198369
22.177771
22.093608
22.060424
21.973191
21.910283
21.850654
21.749618
21.604912
21.550850
21.482000
21.367499
21.312684
21.272415
21.191291
21.136480
21.013019
20.932672
20.852745
20.809276
20.769856
20.593449
20.497115
20.376662
20.360293
20.314006
20.174034
20.160439
20.023859
19.985537
19.923638
19.839156
19.741410
19.702817
19.598324
19.546552
19.454346
19.388533
19.329899
19.291729
19.163689
19.112985
19.071734
19.010806
18.916225
18.881609
18.775754
18.732961
18.604693
18.526865
18.492797
18.447555
18.348990
18.329568
18.295685
18.275973
18.098375
18.029572
17.991681
17.928707
17.843066
17.729810
17.671434
17.584878
17.553388
17.495910
17.462625
17.375859
17.211843
17.146010
17.132424
17.028303
16.939308
16.916120
16.846837
16.766555
16.718061
16.657950
16.613796
16.559595
16.488848
16.412080
16.353872
16.339792
16.273499
16.181389
16.109016
16.077395
16.051820
15.953612
15.891296
15.740780
15.728210
15.650012
15.597396
15.564535
15.490908
15.424363
15.267372
15.232384
15.192441
15.163432
15.101516
15.010145
14.960103
14.922433
14.831353
14.764207
14.713861
14.661108
14.617554
14.536039
14.509368
14.430518
14.350187
14.300945
14.262323
14.165746
14.113781
14.060146
14.034484
13.930924
13.882875
13.811208
13.765874
13.659162
13.618876
13.584034
13.501171
13.461909
13.402695
13.309179
13.269470
13.200948
13.173049
13.095735
13.050199
12.981954
12.948473
12.922068
12.846516
12.811492
12.716817
12.657915
12.635592
12.585738
12.547030
12.502642
12.377820
12.291923
12.267633
12.266678
12.200352
12.092365
12.058804
12.031732
12.008202
11.879261
11.863170
11.777028
11.687433
11.623087
11.559403
11.536045
11.446122
11.352756
11.316096
11.216944
11.187763
11.162035
11.105591
11.032327
10.995012
10.923672
10.861506
10.828513
10.697613
10.640743
10.606395
10.585555
10.555109
10.527927
10.403695
10.354285
10.266615
10.238064
10.186246
10.108589
10.071081
10.029466
9.990943
9.937202
9.885513
9.837263
9.811364
9.702644
9.629225
9.623390
9.540164
9.459161
9.425111
9.369395
9.357048
9.308395
9.251834
9.228068
9.186327
9.091083
8.993385
8.969870
8.894618
8.863069
8.794736
8.743458
8.699825
8.595460
8.518699
8.443297
8.374437
8.355815
8.339434
8.252635
8.175742
8.092289
8.043836
7.971568
7.943469
7.928126
7.825307
7.796485
7.750744
7.683703
7.602264
7.522509
7.422230
7.399031
7.355998
7.252959
7.243875
7.177837
7.146534
7.093821
7.002970
6.917887
6.876727
6.737729
6.714564
6.668299
6.566895
6.449968
6.368067
6.324703
6.304663
6.217755
6.150659
6.053736
6.012245
5.945257
5.843808
5.772608
5.725962
5.439033
5.271861
5.254777
