1067
83249.967961
20947.135809
16608.741614
12308.948205
8569.449808
6616.847046
5385.636897
5079.783677
4599.311646
4138.020473
3793.663607
3412.930736
3273.113921
3097.119574
2832.739316
2820.108065
2646.699602
2521.066603
2495.094648
2403.623468
2295.548474
2228.796708
2185.308681
2062.327871
2040.792268
1991.483364
1973.510708
1887.160946
1825.829119
1764.578279
1743.236728
1701.788776
1667.507980
1660.692430
1632.398478
1592.877210
1564.531535
1533.427534
1520.252184
1486.811597
1471.853468
1446.683522
1444.489631
1415.959804
1407.137820
1386.720336
1366.276627
1351.059694
1348.500544
1319.367761
1317.031423
1308.509732
1301.830641
1289.581337
1279.140951
1276.251552
1272.821961
1259.311484
1250.605140
1238.271125
1234.045192
1220.284286
1207.809375
1203.657882
1193.412264
1189.045994
1173.732477
1172.943279
1162.651331
1157.088050
1149.345627
1143.062324
1136.323360
1133.285380
1131.323507
1127.228434
1123.370345
1119.837121
1111.174548
1107.336677
1104.745877
1103.275828
1092.776843
1085.718931
1082.030081
1079.770023
1072.636154
1064.837180
1062.490502
1061.056174
1057.305012
1054.369642
1049.665778
1047.554626
1041.063761
1039.203996
1030.799986
1027.082803
1024.616085
1021.395367
1018.175718
1015.636426
1012.593442
1008.348060
1003.697221
1000.966531
999.826427
998.104820
995.171621
990.274758
984.593583
982.367218
980.646859
978.529437
976.343115
970.971833
966.632176
966.106071
961.444888
955.606968
953.450189
950.451257
947.345872
944.618434
942.480552
940.556200
938.198349
933.663672
929.175029
926.668968
924.340325
924.050998
922.405108
917.395384
916.787447
913.813821
906.705406
904.591158
903.030259
900.482545
898.379659
895.401703
893.583523
890.932308
888.110972
885.945053
883.526649
882.373524
879.859611
876.461416
873.262265
870.437408
869.094433
865.652097
864.393121
862.930926
860.252805
857.077204
855.395318
853.283366
850.506826
847.148756
845.267207
843.092958
841.945373
838.778621
835.505089
834.499678
834.361687
830.580450
828.050143
826.685459
822.244082
820.453432
818.017018
814.469846
813.116453
812.453742
810.741943
810.515899
805.877033
804.169807
802.210982
800.266287
799.690010
799.292447
794.939679
793.033748
792.461048
790.496800
789.215013
786.388636
783.234227
780.632743
779.349635
777.961796
776.064792
770.073421
768.855705
768.675580
765.734142
765.364234
764.247138
763.675085
760.561856
759.502106
758.821156
757.474644
755.918333
754.197972
751.858386
748.661867
747.528078
744.518871
741.563301
740.629636
740.103063
738.885373
736.601484
735.148759
732.417291
731.900995
729.852431
729.175457
727.128244
725.899224
725.368675
723.615832
720.110739
718.478750
717.810196
716.272818
714.410206
711.904021
709.656456
708.170194
707.444334
706.780080
704.531370
702.585045
701.627695
700.374177
698.506112
697.241706
694.310956
692.674035
691.341015
690.631957
690.397057
686.643343
685.524724
684.423209
682.654949
680.358942
678.429127
677.455953
675.349116
673.290288
672.268206
671.365894
670.533425
669.747332
668.005559
667.537933
665.477904
664.453585
663.168345
659.333315
658.357984
656.656908
656.379512
655.243864
654.409477
653.329003
650.750588
650.411731
647.639026
646.362664
644.551640
643.155485
642.415110
640.334072
639.376973
637.475585
636.088009
635.912325
633.976790
632.986109
632.419170
631.629077
630.347352
629.051288
626.712247
626.528267
622.992305
622.369906
620.721849
617.524310
616.376836
616.152751
614.311052
612.639064
611.661769
610.131724
608.317915
607.286390
606.111267
604.557659
603.602284
601.527059
600.567189
599.926425
598.228579
597.741400
595.636792
595.244286
593.391045
592.686416
592.551957
590.571705
588.648867
587.300616
586.916307
585.805705
584.180564
583.450290
582.165097
581.542264
579.861718
577.856791
575.078240
573.904072
573.439636
571.655333
570.007159
569.143100
568.259077
567.836751
566.902471
564.880048
564.505832
562.566907
562.080611
560.598143
559.315546
558.187503
557.452899
556.437771
554.994934
554.116013
553.687582
551.896207
550.747179
548.714525
548.271505
547.190408
546.594542
543.227453
542.630905
542.027344
541.013507
539.143871
538.560610
538.128996
535.159085
534.619312
534.259765
533.126208
532.145501
529.945245
529.589033
527.948390
526.762070
526.114206
524.342557
523.480532
522.331136
521.863559
520.621701
519.363331
517.871477
516.980349
515.910568
513.862298
513.762362
512.987808
512.223763
509.913172
508.600010
507.821072
506.861669
504.838602
504.483507
503.661875
501.824047
499.846523
499.068036
497.707862
497.290746
497.165096
495.163915
494.509661
492.830371
491.306740
491.113943
490.313288
489.781648
489.046769
487.564169
487.004096
485.748250
483.292455
482.719822
481.806168
480.659283
479.286717
477.828476
477.274003
476.556568
475.619901
475.054026
473.650614
472.842248
471.830316
471.321839
470.690927
468.889829
468.660698
467.595849
466.491582
465.248445
464.406861
464.223906
461.610289
459.529384
458.752800
457.659724
455.431175
454.523134
453.759692
452.937849
451.941120
451.619407
450.361969
449.736945
448.271088
447.987334
446.364563
445.675635
444.897020
444.603764
443.335433
442.898796
441.483027
439.347777
439.084195
437.833438
436.834041
435.779919
433.947259
432.289931
431.565634
431.102565
429.785434
428.953188
427.484081
426.667856
425.902257
424.925506
423.896034
422.689425
421.538136
420.773488
419.903614
419.045574
417.060319
416.399714
415.111562
414.645140
413.653338
412.632439
411.542914
410.129358
409.941108
409.729934
408.478492
407.712707
406.963865
406.079346
404.611071
403.844088
403.304820
401.867105
401.432637
400.090680
399.929803
398.366621
397.474346
396.632772
394.943122
394.676225
394.025317
392.617425
390.879483
390.663711
389.995707
389.771524
387.862112
387.460714
386.298100
385.108563
384.702260
383.881181
382.248278
381.164886
380.070598
379.737015
379.348542
377.960092
377.273774
376.458380
376.188673
375.561308
374.187708
373.421235
372.585024
371.959007
370.792459
370.367223
369.138416
368.150572
367.709638
366.462867
365.716014
364.411490
364.184779
363.428006
362.500982
361.266843
360.132649
359.025591
358.870878
357.639081
357.032553
356.198270
355.733725
354.570432
353.729072
353.317437
352.442283
351.545997
349.590929
348.794748
346.981150
346.331862
345.440871
344.004368
343.414712
342.571363
341.703993
340.635176
340.060849
339.723162
338.072929
337.286861
336.699662
336.353615
334.999014
333.861292
333.495626
332.901157
332.372678
331.397560
330.803790
329.601584
328.214461
327.164881
326.827454
326.168177
326.105869
325.579776
324.286017
323.315213
322.069976
321.372499
320.239753
319.647613
318.585926
318.280537
317.024583
316.189126
315.501096
315.390132
313.503072
312.912610
311.082427
310.941078
310.335575
309.163197
308.478162
308.370012
307.772048
306.781296
306.102630
305.097285
304.366109
303.395451
302.976068
302.055714
301.703961
299.910949
299.658960
298.879921
298.104912
297.174245
296.694833
296.098757
295.258505
294.165705
293.225259
292.027545
290.808512
290.586408
290.113748
289.421031
288.120481
287.610915
286.690411
286.621736
285.092807
284.495452
283.733251
282.681812
282.356709
281.380115
280.447945
279.781003
279.013327
278.554684
278.199546
277.227557
275.928209
275.866931
275.129747
274.005854
273.242350
272.598615
272.034059
271.002782
269.972937
269.616287
268.913510
267.722522
267.625568
266.094677
265.460677
264.171902
263.701491
262.574521
262.103701
261.120879
260.501177
260.049828
259.192113
258.131658
256.831144
256.503309
255.888458
255.049325
254.033565
253.642767
253.265150
253.065029
251.832533
251.134808
250.796541
249.178722
248.295522
247.551956
247.446196
246.190215
245.896165
245.133457
244.937250
244.424710
243.830402
242.879484
241.887237
240.666229
240.365241
239.581436
238.991719
238.393383
237.476475
236.703604
235.800593
235.438651
234.147210
233.675799
233.372105
232.774516
232.363077
230.940306
229.830116
229.623282
229.251670
228.639440
227.709033
227.256990
226.439308
225.676570
225.057560
224.807111
224.019502
222.930431
222.060730
221.708858
221.535120
221.460260
220.210942
219.587506
218.141177
217.391904
217.125527
216.702926
215.718056
215.566851
213.230902
212.535896
211.871487
211.696642
209.911019
209.800049
209.456350
209.005978
208.280310
208.048572
206.718624
206.284082
205.857560
204.413153
203.934583
203.237507
202.542572
202.205531
201.310034
199.796599
199.574506
199.445956
198.327339
197.504650
197.064029
196.693466
195.953204
195.297557
194.915813
194.688473
193.514362
192.979131
192.286272
190.996373
190.533961
189.946647
189.282533
189.111482
187.828572
186.588448
186.223295
185.609696
185.271087
185.136268
184.352796
183.682630
182.982652
182.745519
181.404706
181.182122
180.818188
179.933985
179.487604
178.625671
178.297753
176.927452
176.341238
176.128145
174.766357
174.228083
173.795697
173.287094
172.334164
171.966330
171.155568
170.008135
169.285206
168.504425
167.906284
167.376187
166.737842
166.110548
165.250610
165.072027
164.837896
164.130271
162.847893
162.461227
162.214835
161.337580
160.361097
160.216922
159.425981
158.678053
158.229834
158.042953
157.655521
156.773976
156.068374
155.597185
154.741796
154.158270
153.169313
152.637153
151.493625
151.297187
150.543153
150.184291
149.841878
149.460850
148.264690
147.517030
147.286990
146.337651
145.953729
145.636786
144.571439
144.096790
143.054440
142.848688
141.654446
141.421005
141.111371
140.295218
139.807453
139.287576
139.035353
138.643661
138.232534
137.468704
135.637882
135.165752
135.081402
134.344533
133.745515
133.423228
132.706191
132.517085
131.740183
131.103614
129.939767
129.187843
128.336709
127.837082
126.941673
126.584744
126.032751
125.706638
125.241661
124.691904
124.472430
123.332925
122.735474
122.022649
121.777901
121.035488
120.693049
119.702990
119.217862
118.985202
117.760497
117.248695
117.041127
116.541436
115.710097
115.030060
113.753247
113.484785
113.139792
112.735037
111.980519
110.614750
110.312483
109.709653
109.607149
108.977920
108.288906
107.983925
107.562479
107.289639
105.718080
105.044533
104.731166
104.193783
103.276841
101.673848
101.626826
100.525174
100.275989
99.472084
99.354125
97.723596
97.273346
96.542850
96.311649
95.848876
95.121935
94.390100
93.275793
92.997325
92.061937
91.293820
90.425294
90.099153
89.451830
89.106043
88.136325
87.943879
86.883088
86.130907
85.713044
85.275280
85.071891
83.901502
83.063024
82.673408
81.841399
81.631158
80.996721
80.186966
79.440320
78.730994
78.347722
77.164630
76.290899
75.527884
75.424655
74.745011
74.411179
74.131494
73.582195
72.570869
71.567350
70.628656
70.053093
68.837868
68.536087
66.835700
66.626067
65.636489
65.124610
64.359786
63.434473
63.081384
61.426507
60.699096
60.391097
59.946622
58.430984
57.125094
56.868854
55.954299
55.357412
53.779016
52.783342
51.822244
51.583559
50.622607
50.087354
48.640149
47.920398
47.368206
46.528942
45.351610
45.260078
43.800498
42.953938
42.670691
41.875589
40.641039
39.553789
38.497627
38.044002
37.243392
35.493832
34.408158
34.091102
33.120792
32.888213
31.284916
30.612677
29.801875
27.879051
26.441253
25.911301
24.842287
23.629255
21.971995
21.631634
20.179153
19.768096
18.761627
18.100675
17.423455
16.592811
16.524457
15.511260
14.299118
14.133197
13.562582
13.346703
13.081859
12.660946
12.545555
12.281744
12.110841
11.949667
11.769280
11.672954
11.169065
11.028233
10.980301
10.688900
10.398396
10.324688
10.070707
9.955852
9.823497
9.668261
9.453187
9.421726
9.305376
9.073668
8.897170
8.809752
8.638237
8.571825
8.433587
8.159359
7.995810
7.937095
7.801417
7.633200
7.495592
7.451857
7.296919
7.064639
6.926194
6.763298
6.720904
6.651986
6.557874
6.379135
6.316779
5.950368
5.791750
5.616176
5.563991
5.412315
5.197929
