1080
228817.291930
23441.550823
19964.054168
19322.891477
18070.039841
11115.092682
10893.089884
9664.818899
9223.906009
7268.086705
6351.522561
5827.583042
5523.584546
5028.173992
4437.815595
4231.403706
3806.404697
3630.401483
2875.725160
2629.057525
2589.688131
2559.609225
2503.668649
2222.951889
2108.096711
2084.756344
1952.510485
1908.217537
1821.689363
1781.085162
1713.847985
1577.688480
1549.370650
1471.267423
1456.003376
1398.006744
1367.763885
1354.867108
1321.600067
1300.125189
1281.637391
1256.664293
1245.943160
1226.111244
1170.217771
1151.602409
1126.173702
1091.172447
1074.850239
1054.515908
1035.757647
1028.412216
1005.623936
996.368832
972.315052
963.613600
960.547160
951.129342
926.176874
907.817329
898.793553
868.881379
843.325407
839.854507
824.011705
822.175071
809.706153
803.896143
787.397694
778.133992
770.738236
764.748183
759.703837
753.987891
739.076316
721.195148
713.119781
704.436311
697.837669
690.282088
683.387282
675.875999
669.999509
655.105772
652.854444
648.584878
638.569737
635.114662
624.816424
619.999210
611.398850
608.527096
606.958647
596.144569
594.890729
591.688471
585.951136
578.068559
571.611287
563.223442
562.087729
555.230983
550.732826
547.356605
543.228462
532.029237
530.713747
526.881659
524.844374
520.831138
512.945438
511.167636
508.164712
506.081452
500.834928
490.132256
487.084812
484.551582
482.215968
477.859134
476.914832
470.546491
468.334942
465.968686
461.495387
458.281358
456.601442
452.902359
448.951600
445.013713
442.952959
441.811237
440.605132
435.477505
431.415695
426.995760
425.447128
422.703704
418.797247
415.732388
413.695837
412.629038
410.266239
405.958043
405.239898
401.164844
399.712757
396.407133
394.477557
391.391031
388.386967
385.823930
384.585342
382.340512
380.448306
377.960091
375.675001
372.863536
371.555430
370.617031
368.183848
367.036908
364.571112
362.234308
359.102607
357.461886
356.569191
354.566119
353.488448
350.843120
349.632606
347.961534
346.362022
344.678439
344.023491
341.775356
339.105046
338.139243
336.038296
334.819117
333.731502
333.204853
331.555347
329.085454
327.241201
326.286248
322.809033
320.912912
320.313548
317.437325
316.228419
314.868326
313.837925
312.564481
311.247358
309.462890
307.059790
305.774298
305.368720
304.765421
304.337359
302.153865
300.686075
299.354180
298.165179
296.573402
296.004965
293.998328
293.229373
291.139457
290.560872
289.416952
288.033490
287.164950
284.338992
283.073361
282.030600
281.077550
279.278507
278.330731
277.744306
275.724444
275.271473
274.250567
273.385642
272.308465
271.534533
269.999202
269.734936
268.181687
266.724528
266.092932
264.856082
263.436198
261.455275
260.318937
259.957751
258.227067
257.383820
256.097093
254.198228
253.974935
252.933011
252.533795
251.909036
250.973275
249.077654
248.856788
247.730684
245.496833
245.122678
243.953609
242.715196
242.028321
241.122243
239.893100
239.601897
238.697423
236.134986
234.968561
234.464920
233.367107
231.921750
231.352065
230.492360
229.681087
229.340176
228.337152
227.053909
226.388903
225.350119
224.937900
223.370045
223.200506
221.608930
220.849595
219.613637
218.925523
218.676808
218.407423
217.654157
216.262777
214.934959
214.283375
213.502015
213.138574
212.024358
210.358632
209.935598
209.660016
208.825735
208.239932
206.880526
206.153693
205.066058
204.692851
204.018966
203.185700
202.761524
202.483558
200.678947
199.322257
198.929005
197.299339
197.151123
196.654029
196.466764
195.256917
194.553751
193.447488
192.698565
191.331590
191.184191
190.518321
190.302901
190.002110
188.440552
187.680885
186.493161
186.423921
185.348579
184.698282
184.415906
183.674302
183.157259
182.382286
181.686348
180.437832
179.828940
178.648451
178.196931
177.129212
175.963565
175.668556
175.203872
174.443170
174.193820
173.985401
173.355636
172.569591
171.359670
171.149071
170.481763
169.470382
169.127998
168.136721
167.898045
167.036034
166.973447
165.649453
165.475699
164.969027
164.422482
163.624558
163.038638
162.921576
162.574256
162.115445
161.444573
160.740988
159.708999
159.193528
158.759349
158.247931
157.726618
157.506971
156.523075
155.602369
155.501197
154.993269
153.973648
153.715665
152.935447
152.378654
152.152595
151.315651
150.727307
150.441386
149.262307
148.718790
148.389258
147.821828
147.188737
146.213386
145.432185
145.136112
144.633967
143.924980
143.154285
142.726520
142.596939
142.098393
140.825353
140.732969
140.410121
140.117885
139.546697
138.985227
138.683172
138.008545
137.391478
137.030599
136.430888
136.085230
135.437183
134.946689
134.395276
133.657457
133.187490
132.322587
132.097193
131.950146
131.275202
130.832120
130.428930
129.866793
129.464290
129.171509
129.002840
127.957045
127.424318
126.957269
126.505078
126.095500
125.481451
125.222860
124.247910
124.076748
123.512842
123.186331
122.950520
122.607567
121.819111
121.307669
121.222587
120.373664
120.145151
119.778106
119.529549
118.901103
118.251739
117.821743
117.528913
117.107450
116.620118
116.217486
115.953910
115.501053
115.185073
114.858310
114.151604
113.558923
112.918014
112.469916
112.208541
111.297581
111.036546
110.480977
110.371520
110.121319
109.740701
109.123764
109.008029
108.388740
108.040092
107.678482
107.332679
106.792329
106.054164
105.497591
105.286761
104.595517
104.471534
104.071168
103.803249
103.403869
102.699873
102.612292
101.941922
101.654307
101.053059
100.845763
100.640019
100.275272
99.836004
99.748545
98.678471
98.578121
98.046685
97.830540
97.428345
97.135189
96.718746
96.507746
95.970945
95.687135
95.289521
94.960433
94.454021
94.093538
93.656110
93.431402
93.280920
92.890043
92.236355
91.950476
91.537160
91.019407
90.927614
90.628011
90.158615
89.980638
89.521781
89.145130
88.560236
88.321321
87.940616
87.824393
87.405023
87.058806
86.652631
86.392305
85.715123
85.120030
84.905409
84.714650
84.444060
84.221280
83.914434
83.766936
83.242553
82.773938
82.707074
82.030797
81.654634
81.625742
81.467125
81.225329
80.567641
80.429481
79.748589
79.538491
79.226477
78.870788
78.613703
78.173892
77.749550
77.508116
77.400616
77.246528
76.928997
76.489631
76.302728
75.536723
75.341311
75.136982
74.867010
74.216071
74.090110
73.903385
73.448502
73.082262
72.712620
72.579383
72.150266
71.813211
71.587540
71.234515
71.064600
70.705730
70.639824
70.370143
69.949115
69.865760
69.701276
68.982704
68.841539
68.522883
68.168861
67.999537
67.256621
66.971363
66.895880
66.865677
66.554522
66.325772
65.820563
65.749997
65.425604
65.191919
65.066899
64.716430
64.563438
64.179461
63.734628
63.411215
62.909278
62.538481
62.305820
62.035632
61.742697
61.460707
60.898255
60.801124
60.535164
60.077736
60.027482
59.863542
59.760784
59.411251
59.284751
59.133919
58.778240
58.219900
58.136710
58.072601
57.772398
57.551579
57.006464
56.932019
56.524890
56.141275
56.052444
55.682318
55.325609
55.104036
54.859151
54.733354
54.533463
54.050018
53.956947
53.861282
53.583053
53.453512
53.098834
52.855852
52.615663
52.295330
52.101530
51.898457
51.605691
51.351525
50.909732
50.656744
50.375946
50.094648
49.871435
49.688747
49.660888
49.383147
49.214651
48.794983
48.629827
48.304451
48.236286
48.074013
47.692358
47.593124
47.528007
47.228780
47.106559
47.057153
46.625306
46.499789
46.205858
46.160675
45.811928
45.634504
45.474947
45.209235
45.163792
45.082117
44.831469
44.529131
44.368836
44.151042
44.066897
43.748147
43.319058
43.286560
43.213549
42.829940
42.654051
42.343274
42.126915
41.996755
41.914234
41.549526
41.379269
41.252383
40.858578
40.683903
40.548234
40.357379
40.014341
39.866068
39.798465
39.495976
39.390553
39.229423
38.989395
38.798192
38.705217
38.512713
38.210091
38.186499
37.890628
37.857897
37.699504
37.393496
37.257902
37.119653
36.964806
36.788094
36.610003
36.512187
36.254668
35.936222
35.811242
35.690390
35.421387
35.369427
35.287719
35.062375
34.936109
34.760914
34.584057
34.394024
34.180966
34.055098
34.007677
33.799378
33.719578
33.261410
33.190743
33.056725
32.900019
32.731691
32.696685
32.494072
32.344751
32.308739
32.145080
31.814596
31.783903
31.638925
31.419953
31.386746
31.197773
31.022308
30.849374
30.586037
30.525475
30.433794
30.187811
30.082441
30.033635
29.948154
29.901298
29.718115
29.671483
29.415186
29.367249
29.037817
29.020857
28.835118
28.752877
28.580806
28.378166
28.270850
28.155412
28.046080
28.002130
27.939576
27.751158
27.645827
27.482876
27.430848
27.323060
27.209777
26.983644
26.899999
26.761597
26.725085
26.457849
26.398309
26.391237
26.069046
26.022542
25.839701
25.706500
25.551822
25.487649
25.388272
25.330655
25.232890
25.135815
24.957609
24.842703
24.716173
24.622537
24.481849
24.404618
24.313352
24.168832
24.088507
24.027776
23.959278
23.896084
23.691122
23.672894
23.493310
23.387083
23.179999
23.157002
22.941852
22.875443
22.846599
22.643990
22.592771
22.508456
22.421102
22.366355
22.187977
22.147344
22.017030
21.966917
21.750763
21.664466
21.619390
21.513398
21.411123
21.359106
21.287471
21.083559
21.000180
20.962934
20.927786
20.807033
20.746671
20.634874
20.593851
20.556372
20.373149
20.282134
20.184032
20.123580
20.021431
19.953720
19.885109
19.728988
19.675958
19.585042
19.554670
19.485530
19.310877
19.207585
19.070102
19.052596
18.934134
18.850780
18.798577
18.714067
18.647438
18.573735
18.538383
18.453769
18.403420
18.310858
18.252138
18.184961
18.114700
17.976516
17.894099
17.786067
17.725281
17.712166
17.652918
17.554028
17.463716
17.365143
17.317107
17.277896
17.193863
17.105494
16.967952
16.881647
16.869748
16.770001
16.695919
16.653319
16.599870
16.562813
16.523267
16.473381
16.420211
16.318584
16.275631
16.225164
16.163446
16.049402
15.990367
15.916489
15.897886
15.719668
15.704690
15.684136
15.638154
15.586624
15.511678
15.494960
15.435095
15.365641
15.313567
15.175186
15.145474
15.135746
15.072263
15.014475
14.978437
14.953801
14.838063
14.820161
14.782828
14.728773
14.671825
14.660282
14.592951
14.421627
14.416676
14.382758
14.264843
14.245439
14.213806
14.175325
14.133333
14.080085
13.955617
13.919137
13.851734
13.828056
13.790687
13.707929
13.685028
13.630269
13.579522
13.502441
13.433890
13.369601
13.334247
13.265389
13.241528
13.190483
13.165780
13.125163
13.054526
13.001958
12.970548
12.930926
12.860591
12.809807
12.732442
12.711377
12.686554
12.628062
12.506828
12.427396
12.383047
12.356821
12.321933
12.270177
12.255583
12.218221
12.147424
12.117511
12.060144
12.009129
11.923989
11.831248
11.803948
11.799444
11.756413
11.735209
11.661502
11.644024
11.570531
11.544690
11.483198
11.419909
11.404867
11.359930
11.325282
11.248333
11.213638
11.186819
11.135404
11.036912
11.015894
10.940331
10.876012
10.802136
10.756550
10.732756
10.728851
10.633736
10.592322
10.588822
10.533079
10.494245
10.430014
10.396082
10.354043
10.342159
10.265907
10.209368
10.149425
10.093216
10.040310
9.987624
9.926758
9.900992
9.869507
9.834730
9.798197
9.772227
9.703493
9.614344
9.581135
9.533576
9.500892
9.452917
9.443870
9.363709
9.313316
9.255532
9.198793
9.110425
9.081040
9.035328
8.962972
8.956572
8.862679
8.841746
8.816579
8.769784
8.707728
8.614584
8.570546
8.538337
8.503118
8.431265
8.370717
8.325920
8.295190
8.233541
8.158447
8.090314
8.063478
7.987033
7.966966
7.889948
7.861579
7.786002
7.712686
7.661653
7.605663
7.553346
7.446728
7.423348
7.368025
7.310222
7.189138
7.116568
6.998038
6.978592
6.859824
6.809147
6.672799
6.617455
6.467734
