1600
116319.200151
23755.797809
17535.269837
15688.283355
14415.421246
14041.099703
13220.611938
12497.777993
12254.720855
11578.173805
11025.849611
10776.407595
10408.732889
10068.256432
9863.952718
9584.354535
9253.166322
9116.526060
9006.421576
8709.309817
8644.708413
8414.768331
8122.714240
8063.486257
7869.346529
7749.880983
7672.558071
7469.780033
7339.990482
7337.972856
7254.432694
7153.801418
7025.283399
6976.723111
6833.537920
6789.390437
6745.017877
6635.867566
6612.379622
6582.259252
6448.782069
6348.295380
6327.111806
6198.813567
6136.888569
6092.549710
6057.992665
5978.785850
5937.097012
5886.213639
5834.882190
5765.653382
5710.801296
5654.099720
5578.053126
5509.940453
5476.413678
5452.589503
5380.967540
5355.187730
5325.458558
5279.338823
5250.130412
5189.780115
5129.359421
5094.757124
5045.330044
5007.246111
4993.045204
4888.633983
4862.868400
4846.259607
4833.972781
4764.487531
4749.401311
4682.923752
4653.473429
4634.453179
4612.926525
4564.488865
4549.832355
4499.407937
4497.748961
4452.475587
4421.606187
4350.921727
4279.583692
4264.891602
4251.122571
4236.755012
4172.909551
4166.987717
4133.455728
4102.253084
4079.296350
4057.117799
4020.356389
4014.090665
3993.628819
3934.127282
3906.709242
3882.067384
3842.836776
3839.106175
3817.498902
3782.226510
3771.560179
3750.740058
3724.216671
3701.285257
3627.786757
3613.803374
3610.602749
3576.623639
3531.073722
3488.227712
3460.501704
3457.741720
3438.560696
3406.928125
3391.224041
3375.750470
3356.565506
3350.436043
3318.978284
3313.076585
3292.579672
3276.263663
3262.476546
3213.435477
3212.378623
3188.345880
3173.435557
3144.583354
3111.613513
3107.590504
3091.928250
3077.060229
3064.478481
3036.559980
3013.804103
2998.181230
2954.133684
2935.971723
2895.640723
2888.786014
2886.281703
2858.540942
2848.462213
2836.310713
2826.521504
2807.619264
2798.812006
2790.152077
2759.612026
2742.897001
2721.397678
2711.438469
2702.957936
2684.660630
2669.224642
2648.338830
2639.101040
2613.941510
2602.332931
2586.187033
2570.725713
2562.633535
2533.460473
2527.201568
2510.059066
2497.472890
2489.549819
2478.908653
2463.985196
2448.181023
2423.064239
2415.980811
2410.656552
2394.595438
2384.182725
2376.400393
2359.832450
2346.475596
2316.160548
2298.268471
2280.867939
2272.660839
2263.631651
2247.413488
2240.622728
2220.928586
2211.215826
2197.601074
2173.697171
2165.646034
2149.847019
2137.707266
2129.562749
2118.089512
2116.784988
2097.666819
2094.936996
2082.247710
2066.907706
2056.494048
2035.091656
2026.579199
2022.270227
2005.304018
1977.069099
1972.115194
1967.603240
1958.545917
1952.599263
1932.744328
1926.402028
1915.431172
1911.489874
1895.282617
1891.941540
1882.412061
1871.855602
1860.574983
1853.519917
1846.876593
1843.753156
1827.630216
1820.152888
1812.413515
1800.756353
1798.695767
1783.628168
1777.641680
1759.987363
1748.811616
1736.892112
1720.245606
1719.003118
1709.424359
1690.489485
1683.560273
1676.734980
1668.552305
1662.977123
1655.559703
1647.479894
1631.353300
1627.172059
1615.642419
1608.914031
1608.023908
1593.858840
1577.559802
1570.891621
1547.150329
1544.279279
1540.239935
1533.828657
1525.448314
1522.097865
1514.004355
1507.535451
1501.309779
1494.882098
1489.301917
1482.097708
1472.886019
1463.042474
1460.631882
1452.871456
1449.920368
1437.699266
1435.238766
1427.348910
1416.159578
1407.763754
1397.881620
1386.076488
1383.444182
1375.273158
1369.608105
1366.142657
1354.964509
1352.732776
1345.718768
1336.950100
1322.430945
1316.700364
1311.116716
1302.996151
1296.595105
1296.487800
1286.326577
1279.319587
1274.661778
1267.279383
1262.824747
1256.113236
1248.139498
1244.388960
1241.094330
1235.845315
1222.266176
1220.096342
1212.419432
1206.851169
1202.379060
1193.970560
1190.725288
1181.000672
1178.409570
1168.942297
1161.308126
1156.607573
1153.654744
1153.051031
1147.768439
1133.215013
1125.469458
1123.140320
1117.220976
1115.228743
1113.172747
1110.163389
1093.566992
1091.640780
1090.665287
1085.124727
1077.333643
1075.486580
1070.730424
1069.665448
1064.808037
1055.188767
1050.317542
1041.311980
1034.642095
1028.399463
1027.481816
1022.880736
1020.535381
1014.904363
1013.783601
1005.345561
999.018973
997.251257
995.883827
989.682952
981.214535
977.810970
974.146155
970.159813
963.218997
952.741951
949.325553
946.836480
941.183939
934.597528
930.904637
926.594588
922.251534
917.298207
911.489294
905.254648
902.465130
898.847965
897.441938
890.746005
887.277560
884.259081
879.790781
875.340705
874.127078
868.916774
865.605776
862.579349
856.104993
854.101046
852.392042
850.485165
845.267285
838.305400
834.618986
829.682729
826.336963
822.033017
817.033136
815.262079
812.906224
806.021410
801.111621
798.524499
795.880121
794.222625
790.008421
782.924983
780.822211
774.977094
773.240409
769.205832
767.775457
764.556105
758.634155
757.077325
750.542621
746.525069
742.581787
738.719022
735.140777
733.814427
732.337969
728.954284
723.670158
720.058979
716.994527
714.059778
708.249081
706.258683
703.968266
699.192396
697.350701
695.722703
694.463036
690.703818
688.222223
684.643641
682.466849
680.689289
675.304372
672.645769
670.019350
667.450008
663.520585
662.194772
658.778289
653.062731
650.563856
648.698669
646.456397
641.782308
639.721702
636.407422
634.456302
633.417173
630.314687
628.898380
626.088109
623.714420
622.257367
616.963590
613.575497
611.777152
609.840220
606.802999
605.074308
602.928033
597.628931
595.157016
594.125034
588.768311
587.698011
585.973439
582.806404
581.469656
579.577599
577.032420
573.311796
570.031630
568.870412
565.216198
564.378889
561.617103
561.198237
557.026275
554.681749
552.350933
551.282235
548.453811
546.871026
543.375795
541.628969
539.251426
538.140964
534.630402
533.152715
531.251680
528.967581
524.847235
522.557926
521.345190
520.675287
517.693007
516.703544
514.894174
512.818965
511.160505
509.311522
506.489011
505.086112
502.437273
500.730272
498.440876
496.793314
496.282298
494.352962
491.345773
490.569138
489.174012
487.255907
484.425307
482.005631
481.263860
480.811486
477.636080
474.565295
473.895622
472.904713
469.217057
468.714007
467.597189
465.649504
464.256734
461.246195
459.216447
458.166541
456.395776
454.645651
453.923357
450.151907
449.784951
448.379621
447.651808
444.787120
443.731179
441.525895
440.449159
437.103791
436.763144
435.065698
434.206202
432.122604
430.098302
428.359446
426.923986
425.200381
423.129479
422.716447
421.299207
417.563372
416.268751
415.695542
415.583499
414.419811
413.678439
412.611916
409.222684
406.024643
405.267399
403.964590
402.869680
400.050691
399.760428
398.109467
397.823761
397.384044
395.038501
393.142909
391.756597
390.594346
388.369300
388.058774
386.819805
385.137204
384.649915
382.777996
381.476803
381.325673
379.927371
376.545391
375.775472
374.348411
373.689709
371.885019
370.549937
369.467970
368.073535
367.317034
366.592011
365.448869
362.665087
361.488263
360.613301
359.178327
357.556086
357.068056
355.813877
354.905967
353.970158
352.602549
351.252348
349.327190
348.882104
347.325735
346.901230
344.851357
343.768749
343.134254
341.941107
340.378651
339.382806
338.410240
336.914232
336.310420
335.390998
334.185812
333.051986
331.671252
330.721495
329.906764
328.946953
327.516751
326.236415
325.415455
324.014081
322.861569
322.555756
321.915096
321.589617
319.974048
318.449731
317.828628
316.320557
315.074962
314.735915
313.337775
312.988031
311.765974
311.618009
309.015463
308.321612
307.246322
306.580587
305.909703
305.127395
304.124210
303.320574
301.637330
301.280324
300.243172
299.429806
296.981114
296.833068
295.447312
295.051810
294.092237
292.485735
291.301489
289.564850
289.194784
288.642591
286.876243
286.534003
285.384449
284.849573
284.257221
283.840339
283.068379
280.847640
280.334661
279.763794
278.631275
277.497053
276.196911
275.854540
274.923777
274.352778
273.867243
273.630289
272.800331
271.225239
269.749200
268.884174
268.672231
267.576178
266.734192
266.169342
264.320731
263.489745
262.972493
262.447553
260.739201
260.176835
259.900782
259.413360
258.481731
257.685391
257.461926
256.371023
255.264275
254.861378
254.261182
253.642502
252.362024
251.428701
250.564095
249.538352
248.710997
248.491185
247.391064
246.351940
246.219015
245.677989
244.491500
244.277202
243.001264
242.567718
241.829873
241.253016
240.093977
240.080608
238.677375
238.228695
237.077499
236.818791
236.341276
234.692381
234.480625
233.936693
233.312839
233.003616
232.238867
231.895988
230.249115
228.928352
228.581841
227.901461
227.013041
226.149328
226.101658
225.133937
225.002876
223.475028
223.338710
222.558875
222.046818
221.032411
220.774873
220.260198
219.504734
219.140980
217.877676
217.405406
216.749580
216.440390
216.044579
214.943372
214.574853
213.985735
213.822106
213.263413
213.085987
211.986228
211.663272
210.583021
209.975244
209.550321
208.878978
208.683651
207.817956
207.055171
205.945337
205.457372
205.249177
204.555870
203.623819
203.378947
202.811168
201.769424
200.920024
200.642557
200.143773
199.249149
198.777571
198.280743
198.055539
197.159266
196.476615
195.566763
195.335366
195.018083
194.590541
194.033718
193.076835
192.517972
192.104228
191.523545
190.766628
190.516803
189.505826
188.796712
188.679010
188.027588
187.482243
187.344275
186.528931
186.030850
185.376419
185.048002
184.195163
183.787692
183.238783
182.865472
182.786150
181.632427
180.998238
180.462347
180.002310
179.811020
179.013861
178.790748
178.194760
178.012250
177.494245
177.099106
176.281639
176.010889
175.792315
174.848748
173.883337
173.458151
173.406341
172.891388
171.782230
171.437546
171.221270
169.987380
169.872002
169.432346
168.978621
168.331121
167.659582
167.291683
166.924918
166.642314
165.969708
165.174612
164.812452
164.185046
163.463887
163.129770
162.886866
162.117529
161.971827
161.508913
160.963610
160.715359
159.935671
159.102598
158.920780
158.657922
158.082199
157.587394
157.020032
156.502042
155.996220
155.489683
155.226709
154.967115
154.354157
153.609796
153.283651
153.213719
152.665882
152.223017
151.780887
151.257097
150.843531
150.597873
150.410245
149.461569
148.979412
148.579658
148.150444
147.595120
147.438252
146.825109
146.538061
146.424029
145.813070
145.112245
144.867672
144.148000
144.107618
143.436036
143.276882
142.635817
141.937310
141.730146
141.091214
140.518168
140.406264
140.030398
139.720546
139.182006
138.875123
138.616100
138.109547
137.790051
137.609564
137.156277
136.561006
135.987146
135.785783
135.560551
135.281198
134.974836
134.328721
134.159042
133.895965
133.391408
133.006099
132.442474
131.971085
131.628699
131.412067
131.068268
130.667489
129.942800
129.326406
129.250453
128.652369
128.260421
127.867615
127.334921
127.125029
126.555061
126.521374
125.987447
125.741036
125.197978
124.522243
124.064423
124.004998
123.678773
123.372538
123.057799
122.509239
122.327005
121.811379
121.354177
120.930836
120.816490
120.266706
120.048994
119.596868
119.544162
118.667990
118.026625
117.572106
117.415027
117.086791
116.819389
116.622207
116.491851
115.480344
114.993629
114.677786
114.388469
114.346369
113.864154
113.543741
113.348262
113.052588
112.479207
112.033184
111.863042
111.382150
111.015428
110.693874
110.583645
110.157191
109.794693
109.500332
109.048139
108.940527
108.686227
108.189678
107.590378
107.379661
107.062695
106.871752
106.375853
106.214643
106.027033
105.445676
105.165850
105.061404
104.650721
104.589569
104.200304
103.583799
103.337197
102.848256
102.660653
102.228689
101.890323
101.331794
101.297712
100.974978
100.425296
100.294132
100.192432
99.432381
99.277947
98.843719
98.656281
98.399166
98.032966
97.698409
97.515173
97.238447
96.970720
96.576933
96.299188
96.201067
95.639135
95.440459
95.257161
95.039681
94.673242
94.254337
93.921962
93.748639
93.472896
93.347379
92.881506
92.629649
92.411877
92.119296
91.748057
91.355921
91.137769
90.874053
90.599436
90.229315
89.506276
89.435616
88.882089
88.803118
88.549737
88.260030
87.565786
87.484469
87.104599
86.832143
86.336316
86.210554
85.935149
85.909240
85.499535
85.051701
84.931101
84.308688
84.184954
83.905547
83.831857
83.616061
83.379977
83.022167
82.828263
82.321243
82.094332
81.660848
81.475885
81.299494
81.108924
80.835792
80.611934
80.298903
79.856241
79.792551
79.462902
78.989096
78.546790
78.403513
78.126571
78.077010
77.709016
77.366315
76.977252
76.883655
76.671702
76.448343
76.293303
75.945765
75.384384
75.270802
75.060413
74.739615
74.618118
74.182609
73.918413
73.782829
73.733024
73.377957
73.039645
72.859747
72.716195
72.478276
72.186358
71.632786
71.128753
70.858810
70.724479
70.494459
70.299088
70.250497
70.009224
69.776609
69.624902
69.109153
68.967793
68.891550
68.635557
68.236071
68.037227
67.846718
67.547056
67.294805
67.000598
66.939000
66.608331
66.358561
66.064642
65.867462
65.652715
65.366152
65.265289
64.923376
64.819785
64.605895
64.431289
64.239970
64.121920
63.776499
63.595253
63.455016
63.011441
62.815555
62.702752
62.305134
62.222330
61.722908
61.511312
61.314225
60.897267
60.855499
60.514910
60.414820
60.208656
60.154687
59.851714
59.559688
59.353305
59.282980
59.109688
58.612072
58.480696
58.334512
58.264122
58.070540
57.555269
57.339340
57.307528
57.140238
56.817457
56.603354
56.248555
56.075837
55.847728
55.523474
55.407658
55.269794
55.007464
54.814157
54.510660
54.203417
54.169007
53.896698
53.832843
53.692357
53.485578
53.059881
52.869308
52.635138
52.437752
52.239662
52.059776
51.868298
51.711805
51.387325
51.228614
51.080103
50.832583
50.759527
50.538201
50.422230
50.055302
49.993126
49.756230
49.595346
49.545347
49.430697
48.990998
48.893944
48.665241
48.339542
48.266534
48.067254
47.836517
47.534074
47.469320
47.272653
47.137546
46.968572
46.788514
46.580058
46.470941
45.965831
45.895134
45.790266
45.727416
45.315525
45.155633
44.965928
44.840836
44.763492
44.576894
44.271651
44.234568
43.974743
43.834975
43.697001
43.577145
43.395590
43.202238
42.988836
42.720034
42.441081
42.311779
42.125668
41.934936
41.916494
41.735673
41.543446
41.471713
41.183552
40.974809
40.898062
40.725235
40.625060
40.429623
40.362257
40.037316
39.794808
39.627654
39.361460
39.201435
39.041347
38.894002
38.768445
38.737715
38.590611
38.452378
38.241949
38.088269
37.731799
37.671363
37.425108
37.347641
37.270514
37.056831
36.874610
36.820176
36.569876
36.519202
36.411886
36.194870
35.985137
35.801380
35.602939
35.471331
35.288602
35.160731
34.954784
34.913294
34.742444
34.563953
34.362623
34.292212
34.088239
33.911655
33.855763
33.561396
33.423854
33.382044
33.044116
32.989930
32.852573
32.837239
32.581903
32.311341
32.275035
32.211103
32.037979
31.898891
31.683330
31.596132
31.417522
31.389147
31.244330
31.142568
31.018480
30.836620
30.685448
30.489960
30.348447
30.215558
30.159505
29.942473
29.841242
29.763374
29.698823
29.389142
29.360438
29.264748
29.091362
28.917267
28.876192
28.750441
28.716317
28.558463
28.350483
28.259313
28.117927
27.966029
27.854941
27.661378
27.528385
27.432880
27.397745
27.254489
26.992562
26.849356
26.750780
26.638701
26.504069
26.430324
26.339978
26.172791
26.066305
25.993652
25.761005
25.641838
25.493277
25.404053
25.327119
25.249625
25.099818
25.005713
24.718925
24.662467
24.607978
24.553052
24.366313
24.108068
24.047631
23.902679
23.800271
23.527404
23.519106
23.398342
23.245290
23.085944
22.925979
22.839020
22.707564
22.687017
22.413809
22.269931
22.166808
22.021585
21.880969
21.807480
21.780335
21.639796
21.558247
21.526531
21.380867
21.186258
21.043997
20.984274
20.859660
20.680851
20.599961
20.534250
20.392306
20.252739
20.095195
19.990885
19.885329
19.824826
19.685996
19.545796
19.462985
19.248594
19.153799
19.056472
18.963474
18.852913
18.726054
18.658760
18.525935
18.477550
18.383946
18.229300
18.102717
17.943903
17.873619
17.714436
17.627960
17.571336
17.472899
17.382761
17.216892
17.119033
16.974619
16.871880
16.781860
16.716350
16.547538
16.387887
16.305889
16.212871
16.018795
15.984620
15.866310
15.729124
15.617748
15.584894
15.476780
15.262106
15.179041
15.090730
15.044782
14.955624
14.855342
14.663254
14.585854
14.372892
14.246460
14.135123
14.110215
13.993558
13.814603
13.764159
13.681523
13.379883
13.294464
13.229978
13.091130
12.935973
12.902379
12.780975
12.633355
12.607424
12.401536
12.267500
12.200555
12.131360
12.039426
11.930947
11.833903
11.719811
11.644035
11.562492
11.484947
11.437878
11.283669
11.209676
11.072157
10.949950
10.855093
10.702719
10.656480
10.479659
10.447292
10.346879
10.231104
9.942501
9.926072
9.875281
9.744442
9.635863
9.451536
9.338790
9.250252
9.216828
9.134133
9.043011
8.890824
8.758976
8.696592
8.562803
8.535980
8.383291
8.338086
8.264485
8.041563
7.910765
7.866103
7.843719
7.677034
7.643040
7.468925
7.358899
7.240684
7.110411
7.102038
7.018225
7.006103
6.790884
6.694869
6.531930
6.308586
6.235900
6.120513
6.021775
5.881433
5.849653
5.774525
5.716736
5.624196
5.600084
5.373297
5.218105
5.118379
4.998786
4.955554
4.854088
4.751026
4.640998
4.549370
4.519504
4.372236
4.156863
4.114768
3.988994
3.921503
3.778717
3.692297
3.667481
3.583609
3.413000
3.283925
3.260003
3.159803
3.126810
3.001317
2.894946
2.823400
2.737033
2.684573
2.661246
2.481043
2.261828
2.087796
2.064287
1.868021
1.781801
1.685021
1.602910
1.568706
1.395422
1.349039
1.196608
1.188111
1.146891
0.911997
0.796092
0.714409
0.642903
0.552771
0.492638
0.327160
0.271215
0.258524
0.121110
0.031401
