1067
136471.143420
17418.063115
15149.236006
10701.995576
9575.188651
8086.519547
7251.190654
6271.674346
5590.285244
5176.086179
4812.743165
4546.117241
4275.400870
4166.849903
4084.719122
3868.925123
3673.070345
3540.743210
3448.103649
3254.617992
3214.631090
3124.778139
3065.852574
2919.221913
2874.366916
2840.830217
2733.057445
2686.099450
2650.313064
2575.519778
2529.169729
2476.848134
2444.713046
2430.367256
2402.275555
2370.372580
2327.285531
2290.830402
2242.516009
2234.918793
2180.770752
2175.632568
2141.559313
2121.109096
2098.045707
2078.422134
2060.745149
2040.724594
2021.385520
1997.930490
1986.358265
1970.540039
1952.071011
1930.004539
1924.199439
1900.624885
1881.305683
1877.439437
1856.094377
1848.135200
1819.584742
1817.052592
1797.217420
1788.667716
1782.411384
1758.915367
1746.914174
1725.094088
1723.499803
1711.984165
1703.213346
1699.565602
1693.346586
1678.556766
1673.756632
1665.254214
1653.508932
1637.006738
1631.116909
1622.463486
1614.163927
1599.818791
1594.619957
1579.802347
1569.202264
1566.740453
1558.239327
1554.238498
1543.986594
1527.188977
1524.380537
1516.304627
1504.444669
1499.530218
1493.540982
1488.654348
1487.420211
1479.392495
1474.258981
1471.351267
1455.753586
1448.730266
1446.162788
1441.294247
1435.192475
1423.451293
1421.350756
1411.263032
1400.400709
1396.907803
1387.032467
1381.632528
1374.853078
1371.595704
1366.868534
1354.677645
1349.257292
1347.863992
1337.800562
1336.116428
1332.286393
1329.400812
1325.765435
1316.259811
1312.759793
1304.033466
1298.693202
1295.988181
1290.201684
1287.535716
1285.294843
1278.171292
1272.307836
1269.696786
1266.298317
1257.282634
1252.352994
1249.460853
1244.436725
1242.606056
1235.472300
1230.400209
1227.841815
1222.633463
1217.878879
1215.768016
1212.573362
1208.455248
1205.765377
1201.071893
1199.284235
1189.494366
1188.782083
1182.522932
1178.057248
1171.868588
1166.180243
1162.140944
1157.585644
1155.630574
1152.649935
1150.062746
1147.318988
1139.149100
1137.280160
1133.783092
1131.819052
1129.641191
1123.123595
1119.134619
1116.254888
1114.412911
1112.269196
1108.052613
1099.560575
1097.783429
1091.865361
1088.603593
1088.291112
1083.769291
1080.690824
1075.991846
1071.109816
1069.200719
1065.326569
1061.054732
1059.597899
1054.677714
1051.089878
1045.495549
1042.759410
1040.519397
1038.920164
1036.645110
1033.654691
1030.313776
1028.442120
1023.847128
1020.654003
1017.561291
1016.152381
1012.888971
1009.570276
1008.039815
1005.056510
1002.234406
997.570023
995.981248
995.049011
991.956698
990.074740
984.126137
981.544711
979.244727
973.788324
972.889349
970.276466
968.085772
965.081038
961.558740
960.993681
959.728932
956.365999
951.701008
948.184310
946.731574
945.420927
943.212292
941.481705
937.388161
934.425452
929.864455
927.658412
925.870532
923.983283
920.687878
918.650117
913.864089
910.144530
908.694558
906.904634
903.127131
901.280584
899.153570
896.228861
892.739191
892.088187
888.705564
887.776652
887.561504
883.609433
881.821710
877.301133
876.049229
873.419249
870.873269
870.342428
868.146287
865.464374
861.555305
858.021367
856.636627
853.834591
850.570794
849.696586
849.234448
845.883563
843.423913
839.601298
837.645546
837.276770
834.849085
834.118449
831.263121
828.052589
827.231844
823.539785
821.050240
819.740874
818.799889
813.915815
812.224971
810.070465
808.681436
805.799327
803.689161
803.225191
799.857288
796.703511
796.137391
794.568671
790.898074
788.348692
786.357875
785.584167
784.309870
782.657722
781.181598
780.139366
777.184593
774.278426
771.378909
769.881978
769.554975
767.266132
765.600342
764.736537
763.339631
760.265585
757.119181
756.881156
753.374427
752.789905
750.619578
750.003845
745.030881
742.483737
741.893121
738.835466
737.249676
736.151707
735.216945
732.765060
730.783690
728.415879
727.331641
723.950203
722.488403
719.735383
717.208283
715.167698
712.414646
710.337031
709.714358
709.033951
708.518217
706.076753
703.509016
702.407568
700.585389
696.666261
694.942667
693.761435
691.737311
691.242350
688.437143
687.123585
685.584156
683.953234
683.202161
681.094396
679.946210
676.849848
675.879979
673.265384
673.052297
670.927832
669.360671
667.956129
666.667021
662.992529
660.663484
659.210083
657.724835
657.425699
655.559329
652.508517
650.921336
649.185074
647.937974
644.601894
643.492498
642.324621
640.950215
638.270438
637.292465
634.592183
633.624508
633.046932
631.385665
630.417320
629.057901
625.956273
625.343629
624.999214
623.231786
622.325886
620.324211
618.782811
616.595430
616.116196
614.197148
612.672988
610.935656
610.294643
607.603701
604.404435
603.731868
601.896447
600.117628
598.712025
597.568831
595.767405
595.099560
591.201495
590.565659
589.529779
588.410397
587.924791
584.990639
584.403935
582.143694
580.771803
579.888042
577.253863
576.314651
575.423467
572.352444
571.415225
568.952179
568.559443
567.034593
565.830542
563.697531
561.463438
560.892716
558.825147
557.777653
557.632466
555.415361
553.608213
551.512139
549.853208
548.315653
546.578578
545.350466
544.899101
544.672776
541.651608
540.570914
539.272075
537.807381
536.760110
536.184773
534.675562
534.113751
532.357742
530.056814
528.611585
528.094499
526.781369
525.641874
524.534036
522.232557
519.855870
519.318062
518.216101
516.468254
514.957841
513.867786
511.707859
511.500371
510.332692
509.354111
508.038613
504.849063
502.879217
500.819758
500.267404
500.089365
499.256481
497.332620
496.692613
496.290753
495.348256
493.556169
489.926068
489.282693
487.865123
487.350777
486.352797
484.421028
484.134128
483.512954
481.980076
480.095901
479.774281
477.986748
476.571864
476.186188
474.303472
473.739101
471.226989
469.526379
467.983471
466.885079
466.163683
464.296561
463.142419
461.218010
460.208048
459.309776
458.878435
457.897449
455.708832
455.357388
453.400193
452.619301
451.511705
450.010451
449.248342
448.181125
446.016966
445.365803
444.755838
443.972850
441.975282
440.430628
439.430692
437.345904
436.699072
436.217246
433.480888
432.481887
431.415278
429.905257
428.873807
427.792409
427.356130
426.587156
425.511881
424.545600
423.845670
421.571862
421.016530
419.138895
418.574436
417.166904
415.754786
415.150929
413.641698
412.071054
410.581488
410.111147
408.413835
407.311544
406.811205
404.825306
403.569708
402.601083
401.356341
399.982492
399.121413
397.706852
396.845235
396.528781
394.872134
393.978399
392.915820
391.534404
390.646922
388.127596
387.408316
386.353274
385.398265
384.678860
383.895542
383.310022
382.408361
382.184460
380.615494
379.047587
378.241318
377.730246
377.422261
375.872326
375.135108
373.902598
372.209586
371.975992
370.946841
369.885096
368.479339
366.704497
365.432186
365.165226
364.265465
363.197208
361.788110
359.798313
359.402997
358.264093
357.061445
356.667101
355.205215
354.289186
353.361171
351.960711
351.273485
349.288637
348.334194
347.803135
347.463972
344.911117
344.340559
342.974484
342.044311
340.973945
340.177000
339.677605
338.052547
337.249839
336.418537
335.361252
334.790978
334.090980
333.381290
331.650366
330.783336
329.184576
327.937499
327.094803
326.763639
324.800516
324.432150
323.342966
322.529085
322.164616
321.185610
319.678998
319.089342
318.317945
317.082860
316.220134
315.257244
313.991602
311.910232
311.504686
309.533490
309.325330
308.750420
308.291811
307.681710
306.107446
305.880244
304.382123
303.513278
302.609197
301.837748
300.584090
299.734688
298.826654
297.700837
297.148773
296.319956
295.478977
294.533310
293.220352
292.252393
290.904709
290.656229
289.220619
287.868286
286.225184
285.657093
284.724101
283.939567
283.298860
282.338490
281.072932
280.227397
279.039195
278.286897
276.835570
276.405890
275.572244
274.499322
273.698825
272.387535
271.482950
270.828764
269.382067
268.842004
268.070175
267.888139
266.368213
266.081137
265.036575
264.188574
263.125917
262.427016
261.837434
260.733420
260.256806
258.064409
257.242712
256.537265
255.578217
255.529723
255.320523
253.727740
253.325858
251.891952
251.658197
250.352844
249.901378
249.331621
247.251629
246.310994
245.805667
245.450158
244.350079
243.507739
242.499577
241.639482
241.035253
238.607314
238.161941
237.952477
237.303087
236.996525
235.500859
234.533009
234.307234
233.486930
232.648507
231.664277
231.463703
230.214479
229.667446
229.356878
227.447295
226.168774
225.681151
225.363106
224.981324
224.291698
223.610257
222.539275
221.689708
220.719299
219.763894
219.568633
218.094415
216.902112
216.376321
215.838762
214.786748
214.149855
213.509986
212.399945
212.258076
210.838681
209.807919
209.071693
208.688693
207.140737
206.704679
206.217121
204.982241
204.474714
203.837980
202.530319
202.209797
200.498452
200.385460
199.733072
198.254264
197.614250
197.253033
197.093746
196.787965
195.660727
194.482209
194.088184
192.806697
191.954152
191.191831
190.256709
190.102471
189.131883
188.854231
188.138695
186.767364
186.192487
185.816425
184.421258
183.916508
183.313742
182.050320
181.269277
180.873305
180.112178
179.127507
178.715923
178.060844
177.772067
176.487999
176.259058
175.843419
174.421938
173.589528
172.620067
171.721730
170.665381
169.994648
169.518584
169.089125
167.642654
167.160705
166.655720
166.149582
165.661780
164.301331
162.624028
161.951417
161.520868
161.164890
160.505113
159.591947
158.975557
158.415921
157.100348
156.790231
156.338414
155.445800
154.963087
153.885064
153.644316
153.057469
152.258934
150.768383
150.317052
149.698912
148.329966
147.914007
146.910142
146.347808
145.402895
144.284176
144.065388
143.221768
142.554627
141.892060
141.317196
139.960768
139.399994
138.810765
138.054085
137.892597
136.205597
135.603914
134.911274
134.549461
133.486172
132.885430
131.735934
131.291851
130.854714
129.654496
128.990378
128.543527
127.631129
127.515777
126.509872
125.762342
124.944262
124.340653
123.634825
122.910257
122.021575
121.732135
120.774777
119.867328
119.261041
118.882676
117.926011
117.197092
116.878446
116.160560
114.877531
114.808353
114.391870
112.769824
111.935442
110.928414
110.319413
109.966473
108.981956
108.628828
107.837518
107.192431
106.382507
105.164745
104.106302
103.977426
103.334317
102.569201
101.647365
101.001492
100.106643
99.262884
98.868583
98.025407
97.563024
97.461752
96.494917
95.850410
95.401549
94.042531
93.572166
92.872108
92.348875
90.703445
89.824072
89.049637
88.838886
87.581767
87.431696
87.235878
86.112513
85.128758
84.234166
83.546629
82.808807
82.620068
81.711428
80.431528
80.075524
79.536297
79.181292
77.719400
76.869305
75.710263
75.223372
74.357917
73.642906
73.511173
72.525009
71.269487
70.952484
70.545349
69.591432
68.843621
68.410609
66.927084
66.002315
65.349512
64.055982
63.093274
62.505961
62.104477
61.098835
60.649010
59.465378
59.252891
58.744816
57.693578
55.692991
54.926864
52.936879
52.395548
51.018912
50.294552
49.096955
47.754569
47.499826
46.566224
45.390240
44.469027
44.311230
43.779974
43.411435
42.977563
41.542698
40.503026
39.668329
39.304423
38.537374
37.726697
37.427180
36.865424
34.793774
34.211775
32.722127
31.442211
31.219953
29.966452
29.131675
28.984356
27.924736
27.711529
27.153435
26.050107
25.624192
25.336216
24.784294
23.899629
21.198212
20.962641
19.749673
19.246554
19.070186
18.055481
17.678574
17.120632
16.908974
16.571247
16.103799
15.757172
14.625854
14.580625
13.827427
12.998283
12.368510
12.002983
11.536836
11.335438
10.937650
10.378171
10.173338
10.001051
9.843307
9.718448
9.567337
9.354022
9.299509
9.104947
8.970751
8.873526
8.738958
8.549705
8.514195
8.337134
8.208460
8.177942
7.985663
7.868638
7.684914
7.656627
7.558396
7.468637
7.399480
7.294854
7.173252
7.095500
7.059440
6.835448
6.699954
6.659134
6.589333
6.363940
6.235595
6.187692
6.134922
6.040025
5.961398
5.689071
5.611841
5.449589
5.295168
5.186026
5.145619
4.904443
4.810291
4.537946
4.321115
