1067
197165.064995
28800.704632
22478.361464
18223.422575
13078.003781
11829.503601
11325.727354
9146.601723
8231.778006
7742.173398
6781.325022
6357.314651
5906.272530
5701.821880
5317.416662
5261.722026
4860.127794
4675.739512
4570.100138
4423.315141
4369.713922
4301.703787
4068.598369
3884.759586
3765.474613
3678.697593
3543.915649
3467.527038
3441.260365
3359.269398
3240.952060
3180.666547
3126.525128
3046.044274
2999.304397
2974.861015
2910.278259
2884.987796
2851.562151
2816.528211
2792.489407
2724.122825
2696.115429
2664.964977
2649.267882
2631.984543
2603.579274
2588.682578
2547.958193
2508.019808
2499.612036
2428.633731
2423.563467
2396.179932
2364.153104
2341.487721
2321.227764
2316.923543
2285.128439
2274.977741
2256.656230
2241.860180
2230.373705
2220.109866
2194.115979
2174.725648
2160.480649
2140.371089
2136.178112
2125.027586
2096.782015
2086.052258
2068.717356
2057.340034
2041.717512
2033.522919
2012.354216
2002.223814
1996.215411
1983.008406
1978.715932
1963.229115
1947.215536
1937.943562
1927.933598
1918.519075
1903.797438
1895.613410
1883.048545
1871.586939
1854.119666
1844.150598
1833.282005
1820.809640
1818.957249
1798.800562
1797.923904
1779.801461
1775.173346
1768.968700
1760.324832
1749.660647
1733.043962
1723.162687
1719.353069
1713.278264
1705.023311
1699.847349
1676.870834
1673.146271
1665.370159
1657.286591
1652.986550
1649.272945
1640.748111
1638.458698
1626.980048
1616.159447
1605.078822
1601.667035
1596.245526
1586.467353
1577.741365
1576.440464
1569.229738
1566.435449
1554.494419
1547.147259
1536.745405
1531.803387
1528.548406
1516.028777
1512.792467
1503.024873
1497.607707
1490.682579
1485.821143
1475.935638
1473.223801
1464.913009
1456.021160
1445.357248
1441.501060
1440.129205
1432.756663
1429.961809
1422.606116
1413.038165
1404.642384
1395.756914
1395.199154
1392.819758
1387.315766
1377.683090
1371.936999
1368.427100
1358.816590
1355.307174
1350.676909
1347.623150
1338.677666
1336.615770
1327.321126
1320.329167
1315.348036
1313.312810
1306.788968
1302.520466
1298.739730
1293.990433
1287.371932
1282.173277
1279.994005
1276.363722
1273.054029
1267.340608
1255.849828
1255.116858
1251.468700
1242.914373
1240.246575
1236.628016
1229.940152
1228.788555
1222.746464
1221.403597
1215.465924
1210.076789
1208.685674
1204.685649
1197.941405
1196.398910
1188.113690
1187.529712
1182.641470
1180.356973
1176.255777
1170.630632
1168.495559
1165.037670
1160.005704
1156.682933
1154.344031
1145.400103
1142.653500
1133.683685
1130.488402
1129.569676
1122.896748
1120.950793
1120.234340
1116.664598
1109.247006
1102.600314
1101.527650
1100.511487
1095.271324
1093.800779
1088.901661
1084.836540
1081.704108
1078.487696
1072.173246
1065.361289
1065.135110
1059.063359
1054.428291
1049.886586
1049.183549
1043.833201
1042.581721
1040.124359
1038.065323
1028.902101
1026.286270
1023.958610
1021.002089
1020.105201
1017.810332
1013.705624
1010.603874
1006.006190
1004.514965
1001.972343
998.187330
997.147541
994.347661
987.413610
986.023154
981.641912
976.670551
972.600143
972.001897
969.560193
965.295268
961.735119
956.845921
955.821988
952.045117
949.748575
944.446571
942.487429
939.820544
936.773278
934.310966
931.066941
929.602864
927.459821
922.132928
917.818197
913.174496
911.805626
909.677270
908.019376
903.407652
901.007851
898.474360
894.560320
893.355152
891.369019
888.352398
886.658737
883.182583
879.916821
877.940634
876.643381
874.433919
871.210853
869.919907
868.576556
862.151194
860.068126
859.142377
855.619716
851.139791
849.856749
847.755288
845.911989
844.852891
842.134973
840.485898
834.444594
832.609182
827.977139
825.465715
822.149580
818.919089
816.397549
813.652600
811.905417
810.164652
809.702192
803.401058
802.914920
800.295398
797.480070
796.790090
794.311199
793.067171
791.815818
788.051654
786.912258
784.474943
783.113919
780.044294
779.546019
775.229287
772.620065
770.315455
767.526025
765.764087
764.671887
762.302872
760.335840
756.853082
754.489989
751.497608
750.732200
748.922364
743.012183
742.675003
741.388186
738.738272
735.924342
733.801633
730.781874
728.304087
727.612528
724.889369
722.374487
719.940488
719.067713
717.166358
713.989861
713.389918
712.223345
707.283705
706.575393
704.817340
702.528224
700.878871
700.543780
697.011895
695.165857
692.542767
690.632950
689.572127
688.340520
685.012667
684.315221
681.175901
678.491018
677.135076
674.440194
670.843951
669.852020
669.248619
667.373746
664.974896
663.509989
662.530053
660.525699
657.087899
655.580158
653.997736
651.652540
649.394329
648.880895
647.400478
644.949088
643.637229
640.844679
639.663369
638.123354
636.488471
633.925148
630.759891
629.903685
627.817252
626.128007
623.987228
622.867434
621.010427
618.575039
617.297289
613.374270
611.640337
609.959546
609.504135
606.700271
606.104752
604.394699
601.526083
600.855397
599.140772
596.489075
596.238128
595.228228
593.740170
592.590386
589.522723
589.049004
586.879179
584.754144
582.500579
580.981453
579.955498
578.902143
577.420499
574.872908
572.959819
572.356428
569.982529
568.508781
567.108610
566.359262
563.849474
562.006307
561.405632
557.784591
557.613430
555.851565
554.922315
554.454640
553.218490
550.706066
547.851400
546.032073
545.029478
544.173601
543.495358
541.524266
540.576603
537.645255
537.318808
536.238830
532.789473
531.062860
529.795634
528.897685
528.087963
527.474182
525.578912
522.722140
521.422472
520.325091
518.258892
517.317548
514.754364
513.882030
512.427509
509.978938
508.782263
507.670987
507.052146
504.166861
503.240999
501.853830
500.793423
498.958069
498.757701
496.762347
495.332468
493.910289
493.460737
491.269701
490.889629
489.972847
487.098857
485.968007
485.383179
484.313189
483.794114
481.653512
479.199359
478.481546
478.145785
474.601469
473.722993
472.106719
470.264104
469.372492
468.626099
466.604016
464.687327
463.981886
463.157529
461.828429
461.230655
459.082016
458.014604
456.887078
456.293501
453.312468
452.292554
450.429386
449.157864
448.878123
447.491927
446.825648
443.820858
443.343521
441.229512
440.479539
440.146944
437.333569
436.406639
434.332086
433.677086
432.125672
431.232043
429.855841
428.983689
428.042586
427.596047
426.903831
425.561249
422.898677
422.234371
421.069996
419.505816
417.907480
417.234079
417.023523
414.764779
413.896735
412.131277
411.136370
409.376823
408.262675
407.218772
404.699418
403.123681
402.037868
401.149345
399.584097
399.012925
397.203951
394.985675
394.578496
393.223307
391.795523
390.602303
389.984118
389.183621
388.034607
387.487430
386.541355
386.443039
384.617056
383.783094
382.396510
381.245549
379.222722
378.791493
377.832178
377.160306
375.632495
375.531691
374.662071
373.262828
371.005011
370.507926
369.829101
368.465728
365.799267
365.640792
363.959839
362.759157
361.734720
361.367313
360.154042
358.158116
356.792262
356.238352
355.437023
355.004026
354.013531
353.271068
351.655040
350.641203
349.338863
349.095908
348.120502
346.482210
345.898433
344.381337
343.200480
341.988435
341.283548
340.354529
339.643926
337.536602
337.324381
336.447164
335.280409
333.644106
332.785312
331.705364
330.719301
329.611029
328.106718
327.954971
325.810408
324.582652
324.354424
322.972167
321.343221
320.631357
319.560355
317.586328
317.265491
315.103719
315.021448
313.683255
313.171360
311.885273
311.183789
310.534433
309.735808
309.486132
307.668246
305.725621
305.563109
304.515361
303.354588
301.646583
301.591933
300.498419
299.060073
297.214425
296.849418
295.778876
295.182127
294.705427
293.790542
293.347836
292.716217
291.443942
290.787633
289.471622
287.567901
286.549411
285.868910
284.084327
282.886152
281.907108
281.834134
281.592386
279.198584
278.466045
278.212860
277.925921
276.377478
276.028029
274.994551
273.639047
273.215594
272.177508
271.237502
270.506364
269.235372
268.127685
267.700270
266.714892
265.119338
264.706158
263.361724
262.621967
262.074845
261.536823
260.532553
258.624108
258.069801
257.551380
256.264864
255.839334
255.149138
254.448085
253.302325
251.790581
250.997037
250.035658
249.549786
248.303036
247.728216
246.791666
246.126752
245.092822
244.455671
243.400951
243.311751
242.146010
241.206125
240.248562
239.659594
238.765778
237.971438
237.365964
236.639645
236.388654
234.695083
233.624869
232.851179
232.196576
231.776595
231.378781
229.959891
228.878631
228.333336
226.417905
225.534822
225.017449
223.834744
223.476661
222.045468
221.827783
220.822841
220.126143
219.456854
218.078383
217.337269
216.849771
215.772518
214.944812
214.479514
212.778445
212.201456
211.470434
210.694191
210.323984
209.814144
209.014075
208.566792
207.284767
206.311169
205.936743
205.190039
204.267818
203.398893
201.773429
201.348777
200.501555
199.632848
198.764899
198.549717
197.863927
197.075070
196.734550
195.535227
195.229732
194.572368
193.876558
192.968669
191.722344
190.491217
188.992647
188.645481
187.446544
187.065265
186.058353
185.761570
185.350515
184.596716
183.420583
183.116930
181.746025
180.445315
180.236540
179.348770
178.802965
178.538563
177.633128
176.498498
175.533270
175.102866
174.713442
173.601021
172.084750
171.757693
171.445245
170.082229
169.769799
169.204763
167.921638
167.303985
165.792736
165.725992
164.582232
163.677944
163.125648
162.804980
162.251135
161.468169
160.778439
160.219629
159.290887
158.571730
158.158841
157.791757
156.631648
156.421186
155.476223
153.806040
153.226818
152.662248
151.933908
151.596515
151.245835
149.775820
148.420064
147.941198
147.281053
146.827469
146.419693
145.409968
144.824473
144.561611
143.649236
142.844728
142.321618
141.440535
140.506280
140.167802
139.181760
138.421228
137.949375
137.579867
136.343755
136.101287
134.941712
133.773753
133.065598
132.883767
131.472181
131.035465
130.497663
129.815365
129.410822
128.095956
127.450405
126.701261
126.018021
125.234970
124.469843
123.790735
122.542664
121.760814
121.322287
121.145071
120.566682
119.146863
118.843120
118.119811
117.262189
116.909684
116.350978
114.921508
114.437110
113.379463
112.192760
111.903183
111.732538
111.022375
109.828128
108.940749
108.466138
107.155076
106.616766
106.102524
105.314510
104.329486
103.045632
102.956493
102.415864
102.209145
100.742872
100.202634
98.763212
98.491471
98.237451
97.301074
97.049648
96.382023
95.896133
95.356718
94.719939
93.955960
93.217034
92.872480
92.352639
91.222281
90.534255
90.100273
89.337283
88.755337
88.450767
88.200510
86.708870
85.085612
84.585555
84.057552
83.416564
82.579276
81.943661
81.829028
81.095226
80.034656
78.680719
77.966630
77.119202
76.849372
76.499591
75.226394
74.736963
74.043122
72.707152
72.323802
71.846501
71.601638
70.055369
69.499526
68.583616
67.999940
67.750440
66.552304
65.685308
65.127569
63.757743
63.617841
63.048237
62.251816
61.766377
60.432369
60.271973
58.592516
57.430942
56.912443
56.261508
55.642753
54.871617
54.117238
52.250175
51.705058
50.867768
49.665673
48.867520
48.435410
47.492084
46.814393
46.275108
45.703696
44.413850
43.462209
42.786536
41.998191
41.667084
40.729397
40.176662
39.983329
39.167476
38.694010
36.873314
36.629355
35.463863
35.107832
34.530109
33.716880
32.937975
32.355017
31.392474
29.765053
28.663760
27.386749
26.882262
26.143926
25.659402
25.417816
23.507691
22.025528
21.895565
21.171939
19.521919
18.660156
17.914125
16.935049
16.370781
16.140087
16.036240
15.532277
14.776683
14.440479
13.806691
13.394154
12.923102
12.271442
11.686241
11.557329
11.288689
11.119399
10.934837
10.772558
10.550756
10.387762
10.188332
9.971371
9.850876
9.602188
9.422940
9.364156
9.129460
8.983470
8.791708
8.539920
8.364905
8.286237
8.192580
8.047403
7.958993
7.886357
7.693368
7.620030
7.440236
7.393946
7.244485
7.083818
6.972940
6.918660
6.897649
6.829601
6.742421
6.637147
6.189722
6.168600
6.076945
5.996988
5.938348
5.757793
5.622225
5.537951
5.406144
5.292798
5.152004
4.914947
4.792086
4.664519
4.265182
