1600
94780.025069
22824.753369
17298.651633
15010.858045
13603.676768
13408.272166
12437.453254
12302.570508
11303.905064
11091.751730
10739.220372
10382.566631
10081.177653
9954.767731
9544.581845
9413.204783
9125.060577
8961.606495
8895.957361
8358.107682
8325.538357
8175.200982
8108.473849
7968.506517
7890.372411
7757.932678
7597.892609
7534.018700
7348.467407
7317.592491
7227.667301
7109.427637
7049.990848
6927.942134
6869.747602
6838.209070
6790.431846
6690.008409
6634.136030
6562.807393
6531.753348
6371.537744
6320.708278
6249.689175
6191.532136
6154.022693
6118.489497
6061.564453
6009.274541
5952.505488
5853.179813
5780.959699
5764.808700
5704.719380
5587.329276
5549.997832
5525.938085
5516.138177
5434.598599
5378.792948
5345.903495
5315.960573
5219.834993
5180.435391
5119.429165
5103.720582
5089.408660
5061.166380
4982.903272
4924.998237
4910.669633
4887.644654
4835.153111
4799.187787
4720.277797
4711.194638
4680.718672
4648.591900
4615.305675
4560.105302
4534.537833
4509.699757
4480.858982
4439.893986
4420.849326
4396.992250
4343.962571
4305.892973
4244.933010
4224.033764
4198.631329
4164.645379
4138.945985
4133.307495
4102.562027
4051.988398
4025.972204
4009.549839
3989.081561
3951.395555
3921.428494
3900.293942
3861.567172
3856.140556
3836.374951
3807.809145
3785.506800
3729.030086
3700.156160
3693.156583
3689.298080
3650.326931
3602.662899
3563.479181
3553.033663
3513.289500
3468.555449
3452.389073
3432.505471
3414.411516
3413.399728
3384.153845
3368.981211
3361.311154
3341.904118
3324.219072
3296.008095
3286.927751
3259.068042
3247.505287
3222.506026
3204.680956
3186.769412
3163.713934
3149.220638
3126.298448
3102.262836
3083.501056
3051.873226
3047.086796
3028.274880
2997.510316
2978.621514
2934.085386
2931.858409
2921.282756
2909.020012
2893.599930
2850.046706
2836.129896
2829.073980
2822.828585
2799.571266
2787.847968
2768.483556
2754.682482
2741.234377
2722.904135
2718.474229
2672.203599
2664.310579
2659.287057
2651.399359
2624.899702
2609.744383
2587.088295
2574.179158
2564.170154
2548.347345
2525.467832
2517.113933
2503.528676
2494.278079
2483.085764
2463.749614
2452.633303
2440.024592
2410.994661
2400.532201
2386.220863
2374.078889
2362.578949
2354.652589
2338.842495
2326.593077
2318.106266
2297.243807
2285.560411
2270.961319
2257.440876
2241.281640
2229.588919
2217.648199
2213.085108
2195.011323
2189.712795
2170.624929
2165.219385
2158.758686
2154.935487
2130.252849
2122.971519
2104.551192
2096.828519
2080.715132
2062.187714
2046.483703
2038.755568
2030.448252
2019.415631
2018.172795
2002.312785
1976.352908
1967.304997
1957.545187
1954.887804
1949.072033
1931.763983
1902.363394
1901.443710
1886.052800
1884.046194
1875.468267
1866.553449
1857.461132
1851.939423
1836.461491
1829.954671
1815.809714
1812.426294
1793.605943
1786.996836
1767.041967
1756.110915
1748.152191
1740.673998
1728.579421
1721.528820
1720.646919
1706.382091
1698.576887
1679.810004
1672.404302
1663.940324
1658.628818
1653.262557
1639.504531
1638.367758
1632.565718
1624.251548
1617.092166
1605.890705
1596.977873
1579.999884
1575.662428
1568.790637
1566.716439
1550.492978
1547.178224
1531.206353
1525.888495
1512.218486
1504.540552
1497.356044
1493.859998
1486.541293
1477.744061
1472.499844
1467.865485
1459.702473
1450.592216
1441.947881
1437.801603
1432.220381
1425.499404
1418.855891
1415.523246
1404.440897
1396.848986
1385.027398
1378.303379
1368.904715
1363.345361
1346.720368
1345.515844
1339.847743
1336.199873
1325.819911
1317.999077
1311.113447
1303.433944
1301.504293
1298.738622
1288.736439
1286.576043
1275.550409
1265.635296
1264.632402
1259.179178
1251.115364
1239.803909
1236.423587
1235.134376
1231.274625
1225.564292
1214.175542
1208.005002
1197.784989
1194.358454
1189.996805
1183.997499
1180.649388
1177.788892
1172.453743
1163.862791
1158.570084
1155.905404
1151.388463
1141.156688
1136.425177
1131.095205
1127.273947
1123.290766
1118.434230
1116.466355
1105.688382
1093.985286
1084.205939
1081.187053
1078.550423
1072.800591
1070.483852
1066.153050
1061.080385
1054.580945
1051.727099
1044.156988
1038.805573
1034.848571
1026.458841
1025.778911
1015.936211
1011.578956
1006.498943
998.450708
995.816769
994.492115
990.328933
982.729574
979.094547
974.369950
967.138299
963.319051
958.628995
948.837843
947.711881
942.424940
938.070142
930.907399
928.531324
926.553879
922.174625
920.355791
911.518199
907.116265
903.861141
902.810962
899.683584
894.354964
889.304894
885.999324
876.536039
876.056950
874.232550
870.734718
864.944308
861.844591
857.751209
850.261313
847.963341
843.867555
840.737997
838.036731
834.200302
826.311073
823.670583
822.639851
816.072997
811.804912
805.931666
803.486589
802.026931
800.080033
796.292089
793.412762
788.854502
787.409251
782.136050
773.947697
769.712681
769.509137
768.284563
764.331227
760.148230
754.831547
750.867489
746.077169
745.855965
744.216192
738.582639
736.294144
728.839995
727.450808
726.244567
724.534801
721.982409
718.483013
716.730954
708.367130
704.606817
703.038077
700.045675
695.567894
694.261960
689.894233
689.276460
683.314563
681.570730
680.917259
671.698120
668.971921
666.406376
665.308909
663.254247
660.871760
654.499256
652.401053
651.667448
648.666922
643.750709
642.252661
639.669736
638.364586
637.107620
634.101030
627.496610
625.526213
621.479002
620.636575
616.314548
613.889011
612.286592
609.094040
604.592362
603.638821
600.094562
596.694276
595.355982
594.361800
587.286396
586.202956
585.512902
582.432467
578.979683
577.468453
576.434993
573.514052
572.244492
570.196674
568.468113
566.899256
563.726904
559.270388
558.702429
557.243113
553.835973
549.852734
547.715490
545.932630
543.172644
541.688090
539.635387
538.469149
532.801645
530.464556
528.383424
526.424556
525.235698
523.365144
523.189361
521.133168
519.895109
518.558197
516.255388
514.505199
511.506875
509.524206
505.882950
505.154100
503.740692
500.659768
497.108093
495.660042
494.838112
494.222715
492.833811
490.170359
487.610398
486.900133
484.736939
482.275370
479.458942
478.893868
476.003250
474.327529
471.858892
471.067254
469.769641
467.133021
466.162802
462.648760
461.568549
460.384027
458.635461
457.436442
455.166353
453.748002
452.360244
451.054709
449.841031
447.971117
445.549034
444.576999
443.385311
442.292863
439.734594
436.776401
436.356592
435.084099
433.293288
431.621607
430.684141
428.453363
426.190343
425.608699
424.653951
422.725485
421.833816
419.413006
418.596086
416.801019
413.738867
411.461663
410.263479
408.560836
407.145695
405.789686
404.527782
403.512483
402.130928
400.849606
399.204136
396.528899
394.996905
393.104623
392.037640
390.933506
389.835274
388.524801
388.430832
386.730137
385.866968
384.992712
383.362838
381.024710
379.873610
379.284871
377.549295
376.215419
375.303003
374.336871
372.445322
371.574906
369.612863
368.270590
366.419552
365.301136
365.267004
362.482657
361.617428
361.068636
359.820842
358.411823
357.778585
355.929002
355.296158
354.112445
352.029113
349.783643
348.886844
347.531797
347.127022
346.166579
344.595188
343.695048
342.358852
341.184462
340.989425
340.591923
339.558994
338.694765
337.512836
335.983335
334.789890
333.635439
333.117203
330.786634
329.376478
328.441153
326.698799
326.364971
325.386632
324.594753
323.996079
322.166775
321.687325
319.943958
318.921599
317.985104
316.941580
316.326990
315.204192
313.614109
312.710967
311.615792
310.496551
310.377792
308.880095
308.612393
306.657803
305.484567
304.679419
303.366430
302.264220
301.599075
300.516361
299.085449
297.773453
297.280367
296.960266
295.825194
295.647930
293.804301
293.422824
291.696342
291.151627
289.493021
287.743146
287.004038
286.354851
285.532237
284.800617
284.087012
283.290496
280.908651
280.638295
279.170407
278.625543
278.262267
278.031976
277.105163
276.506872
276.067033
273.830435
273.391994
272.165561
270.654060
270.219336
270.047580
269.538931
268.053696
266.542507
266.024491
265.782477
264.761913
264.267040
263.998948
262.852613
261.820545
260.641289
260.518788
259.116395
258.465917
258.230086
257.243713
257.101913
255.813448
254.560866
254.330741
253.222372
252.233974
251.574911
250.745543
250.572285
249.561269
248.634030
248.236339
247.890098
247.231732
245.520817
245.338677
244.415850
243.900087
242.529551
241.397971
241.319925
240.512867
240.268259
239.626219
238.696090
238.669301
238.082528
237.531742
236.613278
235.687728
233.911841
233.832589
232.844272
232.482450
231.552572
231.081292
230.531501
229.236222
228.845220
227.548599
227.045559
226.334474
226.158521
224.844426
224.301362
223.573349
223.149985
222.665773
222.039020
221.261984
221.024013
220.081647
219.498479
218.715516
218.652025
217.928501
217.630625
216.061175
215.370963
214.777870
214.180054
213.217018
212.370133
211.176464
210.814428
210.686999
210.118498
208.979611
208.207476
207.375639
207.260423
206.211671
206.045317
205.781676
205.030453
204.546793
203.925258
203.376172
202.817612
201.945241
201.695851
200.883668
200.795374
200.381101
199.363986
198.827111
197.985831
197.888034
197.136414
196.745675
196.411064
195.826810
195.071942
194.480488
193.744112
193.337950
192.480313
192.137999
191.439589
190.519757
190.463041
189.256615
188.325109
187.773724
187.727953
187.083682
186.402842
186.176274
185.542234
185.254925
184.611942
184.303287
183.339463
183.332150
182.706430
182.517606
181.864722
181.047088
180.459806
179.758754
179.303467
178.808612
177.978900
177.752393
177.451290
177.009184
176.259185
175.827523
174.938158
173.949230
173.794042
173.383359
172.911413
172.686115
172.114408
171.581519
171.054197
170.433420
169.505035
169.441993
169.186831
168.437042
167.846837
167.637138
166.997100
166.550050
166.037089
165.456335
164.748989
164.522088
164.084101
163.738629
163.077422
162.898644
162.441434
161.932023
161.773168
160.866230
160.084133
159.963861
159.523209
159.120627
158.319319
158.263193
157.702720
156.686139
156.482877
155.676918
155.274246
154.890814
154.288560
153.943408
153.851674
153.186620
152.636142
152.255894
151.585073
151.521103
151.360609
151.251831
150.328252
149.918707
149.283083
148.860582
148.509035
148.313773
147.540830
147.247194
146.876398
145.684991
145.431605
144.850854
144.459687
144.383469
144.073139
143.578066
143.120389
142.589540
142.292938
141.813546
141.162760
140.669120
140.483445
139.963888
139.842064
139.417663
139.080079
138.774647
138.184522
138.011632
137.760303
137.384134
136.750040
136.328933
135.897900
135.479215
135.086826
134.522792
134.180624
133.371526
133.305552
133.026592
132.944266
132.587492
131.781196
131.678610
130.982736
130.903445
130.303088
130.056311
129.542624
129.136014
128.442624
128.306738
127.982277
127.713338
127.104369
126.567332
126.162286
125.903036
125.346067
124.542366
124.332748
124.194265
123.894276
123.268453
122.728189
122.632502
122.409034
121.900390
121.590636
121.384187
121.014873
120.521553
120.380196
119.515855
119.265473
118.956055
118.559613
118.270412
117.852069
117.709344
117.225141
116.906740
116.320398
116.140861
115.626227
115.299212
115.103587
114.578286
114.468798
113.593031
113.356671
113.043923
112.654136
112.404882
112.087239
111.397988
111.168953
110.790118
110.668675
110.290134
109.860023
109.663184
109.326526
109.109123
108.514500
108.081643
107.848165
107.307204
107.014931
106.499956
106.243899
106.113034
105.792579
105.660977
105.577964
104.762554
104.370616
104.255995
104.015170
103.401276
103.328405
102.677898
102.417040
102.272609
101.816954
101.277674
101.163982
100.548278
100.382791
100.167418
99.778347
99.437961
99.119413
98.752026
98.344397
98.178389
98.012033
97.507250
96.949958
96.900118
96.711127
96.253844
96.090993
95.894602
95.499927
95.111024
94.925759
94.322731
94.135434
94.064740
93.626647
93.250978
92.861307
92.647753
92.277676
92.083918
91.611448
91.358182
91.081326
90.744393
90.441194
90.073936
89.785981
89.605878
89.503046
88.985523
88.658044
88.399971
88.009124
87.758976
87.489025
87.235840
86.902966
86.713487
86.589566
86.028969
85.572195
85.388993
85.220001
84.841165
84.511346
84.218105
84.042824
83.806813
83.478409
83.209374
82.916585
82.638706
82.412376
82.269954
82.113256
81.487963
81.059191
80.933238
80.854327
80.542536
80.148498
79.880497
79.630960
79.184663
79.128888
78.785330
78.658000
78.291153
78.033976
77.492104
77.368334
77.053264
76.798884
76.721960
76.338016
75.949550
75.635649
75.423068
75.076710
74.834959
74.331682
74.070939
73.961937
73.547460
73.350295
73.179091
73.002659
72.774800
72.346315
72.120143
71.887978
71.607347
71.417073
70.949787
70.776030
70.679813
70.359480
70.129824
69.905566
69.845327
69.834729
69.432568
69.082933
68.556411
68.294071
67.883123
67.756897
67.587122
67.287818
67.052942
66.789644
66.598016
66.288128
66.205258
66.095728
65.883969
65.607746
65.448696
65.329554
65.201849
64.842306
64.594419
64.166759
63.774323
63.485962
63.405658
63.278030
63.137502
62.999286
62.668715
62.319646
62.063316
61.520575
61.474112
61.273066
60.990207
60.778419
60.499292
60.320796
60.206145
60.074091
59.854862
59.722749
59.123653
59.024428
58.744871
58.616321
58.305342
58.085808
57.684755
57.419491
57.281650
57.064080
56.943429
56.657398
56.395928
56.186011
56.072944
56.001953
55.638373
55.463979
55.322668
55.258371
54.981829
54.591473
54.200448
54.142035
53.934065
53.885578
53.775010
53.666082
53.270790
52.993646
52.858317
52.804598
52.389763
52.179580
51.937110
51.732224
51.498474
51.290738
51.210615
50.934227
50.849915
50.386963
50.278586
50.187517
50.081639
49.734662
49.546188
49.311852
49.063756
48.740796
48.643660
48.469197
48.333489
48.062902
47.829767
47.746598
47.497931
47.331556
47.206397
47.059707
46.677747
46.655773
46.505896
46.316167
46.104393
45.981250
45.780738
45.316685
45.298144
45.131397
44.995747
44.931972
44.663678
44.382267
44.139098
43.936592
43.700421
43.608712
43.200080
43.060150
42.863545
42.797038
42.466232
42.234395
42.012893
41.902123
41.722073
41.578051
41.351721
41.002153
40.927487
40.830830
40.733600
40.592359
40.562234
40.073261
39.858229
39.568010
39.486994
39.256494
39.214725
39.083668
38.829833
38.665594
38.462049
38.345857
38.138515
37.869455
37.800795
37.554884
37.475332
37.215788
37.104254
36.910026
36.787819
36.739108
36.569307
36.333116
36.225121
36.016758
35.948543
35.851463
35.780385
35.640192
35.385807
35.244047
35.082449
34.932229
34.636658
34.577534
34.414341
34.377271
34.231388
33.985721
33.795310
33.667187
33.624593
33.399926
33.297589
33.243884
33.024000
32.656152
32.540783
32.488656
32.476709
32.193763
31.990730
31.938169
31.763492
31.632154
31.447695
31.282973
31.186808
30.877172
30.828775
30.710444
30.527918
30.478227
30.426290
30.219236
30.185908
30.007052
29.898475
29.742675
29.655791
29.445592
29.306207
29.191883
29.061218
28.898705
28.813238
28.680144
28.417537
28.302338
28.127144
27.986820
27.805747
27.694712
27.551040
27.410450
27.233638
27.184339
26.916317
26.780926
26.726502
26.658302
26.505064
26.429545
26.257585
26.166161
26.089501
25.932750
25.793162
25.668309
25.591403
25.479810
25.455153
25.259757
25.140441
25.068339
24.883745
24.810233
24.486837
24.350425
24.210511
24.084158
23.864062
23.679736
23.592412
23.537075
23.399939
23.368934
23.182110
22.982520
22.899004
22.877753
22.642656
22.532830
22.368432
22.274998
22.258465
22.052445
21.947225
21.880249
21.761328
21.614573
21.584159
21.363689
21.256906
21.234905
21.065853
21.005925
20.924046
20.754397
20.529034
20.496131
20.406019
20.293060
20.119796
20.076921
19.966936
19.797038
19.666568
19.503461
19.364761
19.289020
19.227861
19.110378
18.992095
18.803519
18.729484
18.674939
18.549687
18.466695
18.204757
18.129504
18.084990
17.984308
17.966251
17.799293
17.675916
17.572541
17.394366
17.281984
17.177994
17.138675
17.004584
16.807983
16.803939
16.710905
16.670812
16.469529
16.459394
16.393782
16.333134
16.079810
15.965395
15.888541
15.788442
15.580524
15.496939
15.352892
15.244125
15.200818
15.080012
14.955134
14.894552
14.805937
14.643270
14.516196
14.471374
14.312805
14.276204
14.144261
14.076034
13.991578
13.880267
13.762678
13.667561
13.625384
13.476384
13.389573
13.266895
13.213085
13.084905
12.909485
12.871778
12.779307
12.630388
12.555731
12.492385
12.442762
12.224930
12.146991
12.052816
11.942553
11.861549
11.718516
11.669844
11.459744
11.407199
11.230270
11.175618
11.027451
10.988670
10.887753
10.786066
10.740994
10.640180
10.498912
10.399862
10.374043
10.204016
10.108053
9.984603
9.864861
9.829936
9.729158
9.685473
9.644295
9.499704
9.355618
9.322731
9.239633
9.156516
8.912643
8.840059
8.802596
8.624256
8.553419
8.530729
8.434053
8.338342
8.278751
8.199316
8.075414
8.018993
7.878606
7.722931
7.653520
7.592757
7.549308
7.402857
7.239384
7.163834
7.097159
7.018024
6.964469
6.888401
6.792201
6.672362
6.561419
6.524486
6.492753
6.339244
6.207328
6.116715
5.997564
5.960621
5.798057
5.753331
5.659228
5.585290
5.526632
5.477674
5.428920
5.317209
5.082167
5.026145
4.951443
4.828835
4.785235
4.760634
4.640179
4.565492
4.417031
4.323625
4.225283
4.180057
4.038348
3.992344
3.944390
3.791822
3.730493
3.649962
3.576662
3.469570
3.378863
3.263809
3.186485
3.141795
3.095250
2.987085
2.914876
2.801082
2.583321
2.442779
2.374250
2.335034
2.314646
2.228608
2.137703
2.051041
1.953510
1.846153
1.780517
1.645620
1.467837
1.396490
1.343920
1.184896
1.165227
1.010105
0.921744
0.868352
0.792931
0.679294
0.578611
0.551591
0.412148
0.346520
0.217564
0.121405
0.024102
