1080
238931.014634
22713.405638
18956.650692
18300.392256
17524.491332
10683.200841
10182.642391
9105.954778
8309.522232
6663.225790
5938.838324
5528.852931
5276.527743
4586.416477
4041.011075
3965.021076
3633.476896
3471.950143
2660.292362
2516.547596
2401.916440
2277.823412
2251.176448
2113.670805
1987.207248
1944.876807
1842.862930
1793.634821
1769.650302
1711.919908
1645.768135
1502.117436
1470.097969
1437.115178
1429.499495
1374.472202
1341.593024
1300.480880
1282.787928
1267.193853
1234.674570
1224.112227
1194.142530
1164.031823
1151.154755
1130.103299
1091.022957
1074.034959
1051.533434
1034.371482
1025.640050
1014.792121
999.205713
973.228371
968.576688
940.051676
935.660611
907.181751
905.483691
885.477560
875.663025
865.462881
826.884525
819.522883
816.748106
806.991720
803.178828
791.610240
777.136244
772.635012
766.264230
754.538368
749.877544
746.377505
724.007882
719.239126
716.355297
688.767831
686.639475
681.386738
672.409723
666.620673
658.323930
649.650231
639.991823
636.968518
629.641285
624.833992
622.146845
611.566294
607.029036
603.977972
597.685587
593.177422
585.225581
578.716642
576.846369
575.175869
566.587606
561.838451
556.430434
548.912772
545.422359
542.230400
537.138891
530.476106
527.697094
522.787149
519.562552
515.986783
513.736187
508.096385
499.116901
497.135834
494.357458
490.084513
487.239365
477.537485
475.865265
474.980733
472.628060
468.366608
466.076529
461.636452
456.432595
456.426014
452.060416
450.738773
444.246414
442.726612
439.079327
438.290773
433.997000
431.333285
428.794345
424.193464
421.922895
419.120144
416.113704
413.260106
411.210482
409.563728
406.040720
402.292318
399.610157
397.811188
396.032291
393.170739
390.659745
389.906390
387.707917
385.839031
383.454592
381.041039
379.667723
376.810061
374.895289
372.782108
372.313920
370.168209
368.332609
363.451997
361.677570
360.625364
359.877743
356.555583
356.165097
353.570129
351.204408
349.363073
348.624465
346.581409
345.030396
343.391601
341.858383
340.298409
339.713110
337.530782
335.705797
334.651220
333.481571
333.123861
330.274128
326.352614
325.101368
323.241628
322.658097
321.511752
319.361518
318.912807
316.014061
313.774464
311.857442
310.176692
309.624471
308.902705
307.893586
305.369775
303.304057
302.772530
301.704000
300.088915
298.836418
298.382887
296.125335
294.938949
294.464055
292.745816
291.522346
290.100918
288.911236
288.605093
286.891042
286.024061
285.652668
282.779420
281.948689
280.998865
279.619249
278.152428
277.191072
276.250640
274.046287
273.181383
272.876408
271.512882
269.425735
268.931033
267.180017
266.952836
266.153123
265.371404
263.790062
262.099597
260.994569
259.931925
259.583980
258.556932
257.061966
256.055016
254.775189
254.629678
253.323770
252.169008
251.545514
250.166887
248.968240
248.271917
246.724329
245.403239
244.983632
243.152665
241.486414
241.189028
240.394624
239.460052
238.886607
237.886126
236.352112
235.333247
234.721525
233.310723
232.716653
231.498935
230.963926
229.429213
228.457078
227.620506
227.025543
225.578443
224.831020
224.212328
223.604509
222.898566
222.392734
220.973752
220.209676
219.704470
219.340474
218.213411
217.308664
216.551992
214.938301
214.867942
213.954302
212.621983
212.538628
211.297979
210.652287
209.743340
208.960895
207.872452
206.893656
206.475776
205.370357
203.680503
203.209489
202.503609
201.961661
201.814007
200.036416
198.981720
198.737866
198.411042
197.603964
197.293517
195.638011
195.413525
194.696783
193.190914
192.711032
192.184683
191.126820
190.787420
189.885256
189.000207
188.453053
187.880737
187.233585
186.789037
186.285678
185.653510
185.042588
183.829795
183.584196
182.776497
181.846316
180.429993
180.025806
179.335758
178.589861
177.664415
177.274700
176.698788
176.518622
176.053438
174.904742
173.442382
173.396904
173.030917
172.394780
172.200288
171.464883
170.145753
168.869632
168.595979
167.648788
167.257452
166.663469
165.868627
165.806225
164.947492
164.782575
164.002861
163.253937
162.492911
162.335697
161.899874
161.325992
160.359500
160.125343
159.300589
159.058202
158.631509
158.486586
157.394887
156.665379
155.589667
155.242775
154.936924
153.943420
153.595809
153.398978
152.777325
152.468587
151.180039
150.894524
150.281062
149.763940
148.677029
148.329048
147.396597
146.999313
146.628679
145.837378
145.543747
144.752948
144.326377
144.030373
143.484470
143.193903
141.965567
141.708503
140.888200
140.846297
140.446852
140.066628
139.635054
139.232634
138.173989
137.770403
136.677261
136.484482
135.638826
135.234336
134.568042
134.474277
134.047542
133.748261
133.053756
132.433779
132.093099
131.252626
130.952880
130.252364
130.053051
129.481264
129.047305
128.523524
128.156367
127.588069
127.194662
126.807428
126.143900
125.820832
125.491389
125.069775
124.261061
124.053090
123.382728
122.876401
122.617171
121.611251
121.107832
120.997163
120.280359
120.143333
119.993513
119.850679
119.427332
118.917861
118.713483
117.841161
117.462755
116.988156
116.719480
116.383719
115.939931
114.881578
114.239224
114.066490
113.793995
113.189404
112.904203
112.076945
112.003747
111.641776
111.422006
111.045631
110.518890
109.840221
109.503064
109.006347
108.555259
108.433603
107.750065
107.330807
107.309773
107.050823
106.529220
105.488249
105.445345
105.301694
104.582885
104.336328
103.740989
103.209317
102.729779
102.278645
101.827641
101.678224
101.202447
100.764341
100.044848
99.954198
99.548930
99.368922
99.110744
98.541918
98.055009
97.604837
97.270913
97.008188
96.881002
96.669371
96.380798
95.800663
95.453194
95.135020
94.817950
94.038943
93.836424
93.763910
93.321414
92.682426
92.298192
92.032036
91.530813
91.371760
90.943334
90.253640
90.149090
89.639569
89.264442
89.132005
88.422792
88.257653
87.962681
87.772021
87.543695
87.003673
86.668365
86.239635
86.001852
85.644332
85.020623
84.506000
84.179501
83.473232
83.258999
83.015764
82.943485
82.806449
82.634243
81.819881
81.514811
81.370564
81.072955
80.457898
80.372663
80.122333
79.850084
79.719383
79.368794
79.049866
78.798147
78.649797
77.999696
77.839681
77.517456
77.401733
76.919462
76.361762
75.659289
75.307160
75.056300
74.783841
74.324109
74.135900
73.733116
73.671810
73.224205
72.819429
72.647094
72.523674
72.121484
71.861614
71.421631
71.174367
70.846048
70.464939
70.142613
69.924603
69.703271
69.518939
69.284485
69.143849
68.824459
68.393805
67.976662
67.880850
67.434525
67.151083
66.847849
66.630783
66.478248
66.353558
66.185394
65.712496
65.419255
64.969872
64.931894
64.469936
64.114234
64.065411
63.357561
63.218207
62.692793
62.553087
62.226444
61.998265
61.880692
61.733145
61.441045
61.028141
60.582157
60.328774
59.945660
59.773694
59.567697
59.513080
59.177079
58.967239
58.732670
58.248840
58.168422
57.778800
57.751907
57.506387
57.093534
56.883336
56.644027
56.457714
56.200096
55.978960
55.462458
55.240953
54.965578
54.856753
54.629451
54.236576
53.949162
53.772045
53.483529
53.077135
52.884605
52.757332
52.613916
52.492120
52.065976
51.903000
51.822891
51.604531
51.258191
51.036093
50.901660
50.426468
50.143108
50.021983
49.923837
49.634259
49.308742
49.124482
48.892361
48.822167
48.551388
48.529113
48.197742
47.977066
47.725609
47.510950
47.339517
47.215659
47.089540
46.872214
46.518051
46.474033
46.156317
46.084378
45.664669
45.412871
45.334903
44.993416
44.677532
44.588470
44.279200
44.032989
43.970868
43.773342
43.616573
43.330681
42.876562
42.714321
42.466707
42.397182
42.271478
42.002278
41.938072
41.617928
41.408743
41.145776
41.010000
40.957580
40.504144
40.467974
40.312430
40.174489
40.092543
39.623653
39.474787
39.322294
39.263061
39.039232
38.758065
38.543101
38.425654
38.273630
38.073358
37.797483
37.698170
37.603417
37.359585
37.199189
37.068568
36.857523
36.676543
36.442650
36.252087
36.102904
35.918871
35.761615
35.709510
35.379703
35.322104
35.156048
35.075224
34.814758
34.581624
34.423918
34.340198
34.142864
34.007143
33.889924
33.699940
33.634828
33.431743
33.397740
33.294339
32.985900
32.955452
32.830288
32.518727
32.406983
32.239038
32.148450
31.929680
31.789058
31.699009
31.661355
31.444035
31.315791
31.010044
30.945097
30.805594
30.643322
30.528107
30.458450
30.327492
30.198232
29.986085
29.855034
29.802199
29.509058
29.373531
29.258020
29.046806
28.877795
28.706245
28.588122
28.471101
28.376823
28.266859
28.245665
28.167706
28.087840
27.974659
27.883673
27.579906
27.513141
27.320092
27.274664
27.153730
26.968396
26.826432
26.776427
26.650277
26.552650
26.362142
26.297442
26.164553
25.967926
25.883359
25.800929
25.748995
25.598703
25.472885
25.290720
25.221809
25.139227
25.049778
24.939682
24.810333
24.679242
24.571408
24.450530
24.356972
24.172737
24.123708
23.952286
23.737957
23.724384
23.566535
23.524547
23.411310
23.358549
23.108900
23.026941
22.979102
22.871710
22.829516
22.683192
22.506714
22.386298
22.244535
22.197281
22.087835
22.076013
22.037649
21.973624
21.792010
21.706523
21.582260
21.544333
21.449064
21.420405
21.329925
21.119208
21.060482
20.932878
20.875879
20.746760
20.666672
20.588576
20.515119
20.366071
20.255418
20.126394
20.009249
19.973141
19.929437
19.884828
19.772838
19.661909
19.572441
19.526388
19.422271
19.302984
19.227549
19.129955
19.030810
19.005688
18.900002
18.846621
18.764455
18.718577
18.688194
18.576819
18.504521
18.375006
18.318930
18.248171
18.156992
18.082310
18.070072
17.997981
17.991713
17.920481
17.805486
17.710318
17.505514
17.432858
17.365943
17.291751
17.251738
17.238343
17.120881
17.068140
17.018684
16.935993
16.874053
16.753926
16.723912
16.669018
16.626550
16.597372
16.430419
16.371298
16.348535
16.308900
16.263320
16.167915
16.153780
16.116010
16.025998
16.010162
15.930611
15.841243
15.781204
15.700035
15.684291
15.594109
15.546374
15.482318
15.451694
15.353186
15.297311
15.229930
15.187168
15.166726
15.029441
15.003342
14.956986
14.862507
14.804052
14.767515
14.668136
14.632082
14.568756
14.532079
14.472233
14.444630
14.343405
14.297694
14.267765
14.209017
14.183805
14.121711
14.033964
13.969038
13.882625
13.841583
13.790436
13.752997
13.736705
13.687887
13.646064
13.586991
13.552918
13.491862
13.390000
13.380205
13.332153
13.303936
13.273078
13.213091
13.162682
13.107726
13.060851
12.956886
12.835323
12.820116
12.775695
12.713920
12.648850
12.624071
12.566807
12.535368
12.508536
12.434268
12.381174
12.362180
12.304754
12.273708
12.250931
12.188722
12.072710
12.021197
11.983953
11.915167
11.883542
11.844308
11.808724
11.760379
11.695690
11.676849
11.621423
11.581450
11.563118
11.487224
11.444525
11.404297
11.313228
11.276498
11.208218
11.191552
11.157433
11.070943
11.034198
11.002306
10.979591
10.926069
10.881939
10.847070
10.766275
10.744230
10.711936
10.694845
10.624457
10.550779
10.504322
10.451285
10.387453
10.363123
10.279910
10.262315
10.208432
10.132543
10.088755
10.052079
9.964470
9.942816
9.887703
9.844929
9.817864
9.749680
9.737181
9.640772
9.600520
9.574980
9.494616
9.445322
9.421244
9.346926
9.329965
9.317200
9.238078
9.224559
9.130167
9.091458
9.050579
8.945560
8.888227
8.856996
8.816712
8.767456
8.694183
8.621970
8.562033
8.520981
8.501832
8.460610
8.354698
8.312205
8.280838
8.250421
8.222355
8.163469
8.093229
8.042673
7.982917
7.928257
7.850731
7.824812
7.796781
7.701815
7.642626
7.618857
7.556860
7.471002
7.459162
7.333820
7.327114
7.242138
7.196894
7.028593
6.937730
6.806197
6.733996
6.676202
6.488218
