1517
172133.385223
35905.542687
25578.247309
20579.474068
17893.127721
16040.435007
14387.029613
13157.499483
11848.464372
11412.805314
11142.813395
10332.127127
9842.569980
9638.880504
9354.480598
9146.781163
8780.094344
8396.284638
8073.280164
7846.405485
7742.225345
7602.823340
7513.169477
7437.757949
7408.810243
7229.562172
7134.130483
7041.078739
6855.014131
6749.558705
6680.516078
6541.357072
6431.001741
6394.451575
6336.255264
6275.966957
6224.521481
6186.667593
6102.620061
5988.621745
5936.688134
5865.046837
5803.117200
5740.631553
5661.736140
5571.733107
5505.366609
5457.444312
5395.198521
5384.294821
5314.123618
5266.278384
5236.090389
5122.840652
5092.986701
5020.921193
4990.749338
4969.190090
4889.766099
4848.216394
4796.549439
4739.583001
4713.717607
4672.965438
4632.996585
4589.378710
4572.535351
4537.876728
4453.133943
4447.298284
4439.011227
4406.459981
4312.728026
4275.925901
4262.223712
4208.443413
4159.837824
4135.913516
4076.621467
4032.195801
3991.277104
3952.232893
3943.643077
3929.931211
3869.897518
3856.758602
3829.938916
3821.077288
3783.444224
3766.245847
3739.610633
3720.805191
3693.418944
3665.517461
3616.456749
3594.179634
3564.459856
3540.085049
3512.488674
3477.665474
3451.475127
3433.383472
3408.769356
3396.930673
3364.974319
3340.026728
3319.446199
3297.506695
3288.210372
3259.798150
3240.500419
3200.320252
3191.532954
3160.147611
3138.851847
3132.110110
3096.238837
3090.515921
3077.040042
3054.878403
3043.227864
3019.196684
2985.689337
2965.240042
2961.799872
2944.927981
2918.702445
2892.378748
2862.257450
2843.414879
2828.744531
2816.069821
2788.438100
2784.116141
2767.787579
2750.750918
2737.390189
2731.906620
2708.690133
2691.412964
2678.105384
2661.213687
2650.972296
2615.428223
2602.279221
2599.031292
2565.170872
2563.389389
2558.413506
2539.586001
2536.024330
2526.448499
2501.304703
2489.505731
2475.423887
2464.981497
2449.112776
2437.292082
2427.822146
2417.718778
2394.721394
2389.245373
2379.240551
2376.267471
2349.849478
2327.460483
2319.708488
2304.290145
2298.691896
2279.262582
2277.860390
2258.195175
2251.152879
2235.830360
2222.147680
2217.602820
2205.806207
2197.585019
2182.606499
2166.785095
2157.160251
2156.120984
2143.008300
2127.652575
2114.871346
2110.375918
2101.075308
2088.012501
2080.498661
2076.205667
2072.094852
2059.386283
2037.502137
2030.750149
2018.675827
2008.962817
2006.405714
2004.318213
1986.046467
1975.920585
1971.041978
1960.157124
1949.222801
1941.671858
1932.354970
1924.936940
1912.797269
1904.078420
1896.367682
1887.598533
1880.771623
1874.030030
1867.441328
1862.747771
1854.212931
1849.703491
1843.854935
1831.772570
1830.428830
1822.569566
1817.614414
1805.662259
1800.667886
1788.168508
1782.546407
1769.198922
1763.963993
1756.926407
1747.263983
1734.564788
1726.240222
1722.901868
1717.124862
1707.299527
1700.342349
1696.809018
1693.487314
1689.695956
1676.509234
1670.081765
1656.309097
1651.633959
1644.672273
1639.981699
1629.517279
1628.913963
1625.249691
1619.147470
1601.321764
1597.784729
1595.221019
1589.231722
1579.260953
1576.134965
1572.332297
1563.427821
1560.859319
1554.158214
1550.954503
1542.164918
1536.720465
1525.284254
1524.862868
1519.555962
1508.530840
1506.107447
1499.355418
1486.155275
1480.881614
1479.915715
1471.038370
1465.214550
1462.685506
1453.822605
1450.686040
1448.056821
1441.500511
1435.947122
1425.193272
1418.885060
1411.332788
1405.179914
1402.643932
1394.863340
1392.308608
1389.047151
1381.491853
1379.074093
1372.851685
1371.086543
1367.004109
1361.846928
1361.295747
1348.494493
1343.789214
1339.901801
1334.524350
1331.990454
1328.690537
1320.415648
1318.123416
1313.527041
1301.642530
1297.521267
1295.320700
1294.526758
1288.174831
1281.953859
1275.407876
1274.438974
1269.302028
1262.447877
1257.579346
1251.769384
1243.016409
1240.228636
1237.060442
1230.344742
1227.776804
1224.527282
1223.774606
1219.407917
1212.730473
1206.917703
1204.025805
1201.986776
1197.466753
1193.617680
1190.323937
1189.555720
1181.757503
1173.316236
1167.381974
1164.404416
1158.200227
1154.559933
1148.510805
1146.574440
1144.696213
1141.973330
1133.512596
1131.455488
1127.843070
1124.400311
1115.922995
1114.028320
1108.903912
1104.670164
1099.271093
1095.951134
1095.310754
1092.804650
1087.633698
1085.102627
1080.390074
1074.804383
1073.537484
1070.271088
1065.721636
1063.649661
1058.410234
1051.115857
1048.068470
1046.447446
1043.627181
1040.196184
1037.404423
1034.091175
1028.061874
1025.522390
1020.768134
1014.529764
1012.289029
1005.283177
1004.833776
1001.307267
997.818363
994.760080
991.781302
990.111341
988.304559
983.819267
976.124815
974.265514
969.180294
964.592905
961.123503
960.086581
954.797698
951.957113
950.015656
945.964039
944.019295
939.501291
933.696393
929.501499
927.242500
925.041165
918.560148
917.330985
911.769475
910.070878
907.626778
902.059088
900.692111
896.105126
893.759531
891.133910
888.013594
887.457166
882.678314
878.994569
876.584841
872.473341
870.569273
865.067178
863.454360
861.036244
858.149291
856.012960
854.602949
851.245607
848.546919
844.145097
841.920134
836.191708
830.649887
827.403932
825.090187
821.061718
819.346104
816.099776
814.329981
811.149139
809.203234
804.103498
802.752249
798.568223
795.241119
794.383044
791.981648
788.820992
785.856405
779.509045
777.468468
776.561461
774.160537
766.832495
762.711700
762.480991
758.292001
755.399651
753.345661
752.377843
751.331243
749.152626
747.151037
743.851805
738.901269
737.672211
736.001020
731.774125
731.500116
725.160608
723.529911
721.542347
716.254122
715.168806
712.293267
711.017549
708.865039
703.032293
701.583826
699.626661
697.873623
693.029559
691.009619
690.499451
685.614694
682.402634
680.474141
678.669449
674.713270
671.380414
669.512573
666.942422
664.436866
660.680604
659.595521
656.404556
653.691955
650.116990
648.746850
646.746951
643.763567
642.122366
640.016761
638.548672
635.327367
632.561181
630.741248
629.146446
626.435747
622.540286
618.575068
615.682585
611.731935
610.645031
606.674472
604.683829
602.326657
601.878618
600.204910
597.439257
595.298575
593.261802
592.140133
590.318300
587.744813
584.190652
581.814789
580.147825
579.793531
574.662534
570.563489
568.146090
566.998773
564.321743
563.852146
560.639605
558.953856
557.376547
555.207724
552.368593
549.423540
546.734609
544.909994
544.512250
543.165690
541.202012
538.216931
533.506965
532.205579
529.209232
527.442902
522.691542
521.454021
519.786554
517.400413
516.528381
514.247368
509.511420
508.370185
506.341421
503.810832
502.448849
501.206529
496.386782
495.286545
494.708903
491.834920
489.528255
488.113539
486.640785
483.723034
483.340613
480.311693
476.329404
476.181001
473.572438
469.934283
468.456703
468.199127
466.996785
463.328409
460.800096
458.515172
456.987324
455.195894
454.663479
450.232955
448.530691
447.332076
445.044658
443.910210
442.627234
441.189283
440.005347
438.634469
436.360060
434.480136
431.943850
431.099051
428.849992
426.417627
425.489800
422.583796
421.375424
420.108574
417.004470
416.791144
415.515882
414.247309
411.973306
409.058089
408.507207
405.604386
403.888171
400.926580
399.414493
398.624244
396.581563
394.102990
393.294104
392.048711
389.137352
387.568539
386.293739
383.160593
381.267754
379.703871
377.984202
376.837344
375.263711
373.930109
373.261959
371.694641
369.424869
365.991271
364.193408
363.770432
360.870843
358.452709
357.436027
355.783862
354.798700
353.622985
352.734200
350.790367
349.384169
345.793023
343.902426
343.569870
342.491785
341.560787
340.430108
338.850695
336.415880
334.548035
332.644087
329.665657
329.392629
329.049739
326.509220
324.018602
323.691574
322.407338
320.677417
319.440117
318.682815
318.282584
315.768712
314.269771
312.749780
310.444942
308.919341
307.575163
306.194670
305.737603
302.890141
302.293617
300.528012
299.172881
298.997199
296.222387
293.745832
292.328278
292.118060
290.447418
288.084662
287.524955
285.381428
282.755539
281.743532
281.318074
278.854093
278.653404
277.497940
276.219457
275.538155
272.257388
270.522232
269.761331
268.514033
266.276832
265.802518
265.320874
262.709005
262.046814
261.163242
259.778649
257.967430
256.530312
256.077044
254.309406
253.905351
251.530615
250.770901
248.832214
247.232320
244.686060
244.189992
243.380680
243.241980
239.965702
238.048366
236.992430
236.456054
235.059184
233.431357
232.640780
231.835507
231.037238
229.792132
228.714170
227.840153
225.968815
225.520254
223.167997
222.170003
221.818762
219.693947
218.182066
216.997060
216.234492
214.980453
214.765011
213.352223
212.445583
211.100115
210.335689
208.866451
207.975507
206.737803
206.572491
205.538125
204.216771
203.632534
202.925212
201.678879
199.451745
198.835311
197.575622
196.415861
195.966044
195.695811
194.151060
192.801154
192.095922
190.488805
189.393757
188.632000
188.157480
187.057476
185.679178
185.453771
183.644939
182.384546
181.585992
180.123392
179.015654
178.030239
177.543736
176.689697
176.235078
175.126538
173.049197
172.892480
171.341921
171.054635
170.062072
169.085806
168.412799
167.331260
166.827428
165.450762
164.939959
164.674327
163.444895
161.674850
161.171250
160.812449
159.659510
158.690415
157.759174
157.458984
155.494708
154.484048
153.444630
152.192036
151.627338
151.174536
150.409631
149.848724
148.608310
147.927123
147.001801
146.080440
145.983911
144.964525
144.225818
143.577518
143.133697
142.027991
141.044417
140.754452
139.832238
139.140452
138.789857
137.381561
137.024744
135.866102
134.843687
134.468125
133.840271
132.557616
131.995240
131.633641
130.703718
128.960019
128.561976
128.198429
127.651713
126.880139
125.879916
125.468907
125.154809
124.234719
123.725473
123.009071
122.632185
121.585745
120.398358
120.298327
119.734376
119.340577
118.416490
117.364852
116.903952
115.946900
115.824847
115.179633
115.020565
113.928896
113.222667
112.684623
112.176360
111.214564
110.763815
110.520796
109.847889
109.571900
108.822659
108.104890
107.665622
107.249115
106.624110
106.027677
105.530645
104.782662
104.305885
103.936076
103.310052
103.084570
101.919600
101.317901
100.678495
100.248833
100.046457
99.259050
99.208646
98.899833
98.094932
97.380986
96.943393
96.548125
96.504591
95.468478
95.328120
94.823350
94.241102
93.926728
93.698361
93.324469
92.142721
91.819238
91.131907
90.854090
90.362416
90.176194
89.387247
88.754018
88.578443
88.350888
88.151456
87.494173
86.826487
86.642480
85.986123
85.685914
85.355805
84.730514
84.518037
83.995677
83.588545
83.178318
82.845779
82.266961
81.464850
81.297112
80.799019
80.507655
80.069932
79.693535
79.554670
79.158190
78.785421
78.589635
78.107773
77.947865
77.501097
77.235246
76.872615
76.796084
76.101637
75.809233
75.170680
75.109816
74.967744
74.435993
73.891262
73.321695
72.875180
72.738473
72.608602
72.351890
71.726837
71.432038
70.886377
70.670441
70.225168
70.051469
69.741762
69.561319
69.320877
68.752470
68.423438
68.297657
67.857282
67.733878
67.534896
67.161135
66.685859
66.419601
66.018659
65.799059
65.622824
65.442503
65.187070
64.891244
64.455405
64.068616
63.761710
63.535853
63.215202
63.055164
62.790477
62.652732
62.297390
61.935121
61.536512
61.357792
60.724485
60.535361
60.326993
60.099853
59.903514
59.595372
59.346685
58.960665
58.787269
58.629371
58.433364
58.226816
57.933204
57.795796
57.522693
57.384883
57.129288
56.947989
56.774425
56.144515
55.800605
55.624127
55.493981
55.438932
55.062510
54.820906
54.456028
53.867158
53.700878
53.525244
53.475101
53.315184
53.228235
52.962541
52.892971
52.583403
52.211840
52.064423
51.850986
51.543715
51.453317
51.206554
51.102498
50.834454
50.785466
50.397821
50.238071
49.956269
49.829908
49.669244
49.464045
49.165575
48.998953
48.841618
48.657610
48.544387
48.383612
48.152840
47.972181
47.793654
47.612682
47.420651
47.328001
47.058120
47.026367
46.757864
46.359265
46.221156
46.062707
45.977237
45.668150
45.556787
45.402555
45.282493
45.152268
44.995474
44.631749
44.584422
44.317058
44.231981
44.160622
43.783800
43.686548
43.607354
43.462984
43.278462
43.055858
42.965717
42.898886
42.723803
42.516130
42.424088
42.392534
42.151319
41.945085
41.767347
41.756742
41.466654
41.099650
40.939002
40.825721
40.647030
40.577490
40.413192
40.379241
40.175402
40.113171
39.999355
39.740539
39.624951
39.479660
39.411397
39.285829
38.908026
38.795618
38.719403
38.626589
38.429212
38.249393
38.153943
37.899544
37.786197
37.765297
37.614860
37.415999
37.354873
37.270753
37.098467
37.008359
36.921165
36.729936
36.654667
36.421977
36.350363
36.169180
36.078057
35.791720
35.701436
35.470669
35.360548
35.220425
35.083543
34.966800
34.849166
34.762395
34.651461
34.601425
34.504736
34.449681
34.227642
34.129514
33.989736
33.877952
33.818073
33.756813
33.536280
33.473573
33.153483
33.057928
32.932511
32.880988
32.766513
32.606614
32.483732
32.422207
32.346261
32.279461
32.193916
32.102096
31.984570
31.781304
31.671708
31.633362
31.536039
31.410905
31.385686
31.336602
31.086310
30.949077
30.917673
30.769254
30.606776
30.455919
30.352071
30.287714
30.241171
30.128168
29.934963
29.889186
29.700273
29.555706
29.476075
29.325553
29.177170
29.140159
29.048458
28.987824
28.915207
28.823475
28.653553
28.621832
28.535214
28.415015
28.300151
28.272347
28.054063
27.996030
27.968549
27.766170
27.609431
27.575520
27.549889
27.311495
27.308932
27.248466
27.091899
26.982345
26.937993
26.883357
26.729836
26.650622
26.599884
26.500414
26.479554
26.263550
26.181714
26.167327
26.064070
25.985643
25.871386
25.783476
25.719969
25.547971
25.431597
25.340138
25.266011
25.129365
25.087539
25.037124
24.937096
24.891614
24.813358
24.742079
24.666768
24.596688
24.422255
24.344776
24.249587
24.136048
24.084273
23.970553
23.911146
23.789409
23.669879
23.612656
23.546779
23.508462
23.481742
23.450959
23.295616
23.168972
23.035135
23.014802
22.983017
22.894180
22.787502
22.759562
22.609257
22.500260
22.472001
22.436393
22.284381
22.200755
22.188607
22.076260
21.949750
21.910508
21.842719
21.789685
21.739840
21.560675
21.511093
21.325063
21.293221
21.198890
21.164048
21.079451
20.985258
20.915815
20.820957
20.768028
20.736509
20.632283
20.521626
20.494739
20.468001
20.431065
20.312488
20.193011
20.151667
20.055584
20.012922
19.908658
19.902787
19.877197
19.794763
19.679244
19.586937
19.495997
19.384488
19.291570
19.249403
19.142946
19.087808
19.025989
18.960477
18.918544
18.751188
18.724479
18.675144
18.544185
18.521153
18.460872
18.427283
18.394569
18.265322
18.181069
18.147614
18.082623
17.997951
17.896413
17.866449
17.824034
17.730951
17.645075
17.616576
17.564637
17.470738
17.423426
17.319645
17.231944
17.131575
17.099296
17.078481
17.026399
16.929827
16.875267
16.840550
16.800941
16.753018
16.648702
16.593880
16.543604
16.453940
16.417710
16.334247
16.290039
16.265460
16.164443
16.082884
16.021963
15.996370
15.870879
15.847082
15.753346
15.717709
15.672267
15.598671
15.554154
15.459457
15.375147
15.269880
15.212698
15.170123
15.095888
15.031608
15.008771
14.980983
14.894790
14.824807
14.803710
14.722727
14.688265
14.572569
14.528345
14.429586
14.416838
14.367414
14.290396
14.182614
14.149341
14.107275
14.067515
14.014942
13.972805
13.937854
13.833307
13.737192
13.664469
13.621444
13.578758
13.495473
13.492037
13.420326
13.340533
13.264824
13.229227
13.179936
13.138142
13.048757
13.025193
12.938339
12.861187
12.792598
12.727352
12.662414
12.596834
12.562274
12.494178
12.441473
12.383682
12.353657
12.253159
12.189884
12.146155
12.091751
12.077801
12.007292
11.904199
11.891176
11.779511
11.744503
11.648243
11.586636
11.537378
11.508436
11.465361
11.402895
11.342030
11.329961
11.244084
11.173132
11.091225
11.050773
10.973329
10.938562
10.897367
10.825093
10.722357
10.664621
10.626642
10.579592
10.515594
10.467257
10.433907
10.393408
10.351425
10.292429
10.236137
10.158136
10.117125
10.064625
9.979944
9.938529
9.868793
9.829762
9.771749
9.723467
9.680425
9.650275
9.613737
9.562436
9.536137
9.441569
9.418773
9.305254
9.287436
9.172198
9.136052
9.004737
8.946745
8.888937
8.860770
8.821349
8.746451
8.691362
8.686699
8.647036
8.558701
8.493896
8.405615
8.364048
8.248475
8.237558
8.152289
8.084380
8.074866
8.022233
7.934955
7.874594
7.827232
7.781048
7.707019
7.672321
7.564726
7.513689
7.487562
7.361205
7.349775
7.254712
7.216696
7.137079
7.048827
6.959465
6.928339
6.919003
6.814325
6.764467
6.692002
6.558137
6.444990
6.423111
6.369592
6.290354
6.264787
6.155860
6.110555
6.034440
5.905023
5.868667
5.841048
5.746804
5.585429
5.431780
5.339165
