845
150263.560921
27770.359198
27352.979168
17678.548382
17149.857372
15100.986656
14849.409924
11682.131797
10790.360594
10375.007698
9715.731488
9322.322673
8055.774262
7119.662345
6942.347499
6496.835604
6291.516853
5492.832983
5164.529590
5089.181766
4475.533966
4413.683547
4302.939444
4198.363096
3683.169442
3493.801607
3380.903110
3307.844663
3211.027526
3098.570867
3050.698554
2837.687965
2794.767869
2775.977658
2637.110881
2626.619171
2565.295303
2502.667388
2397.396358
2366.329303
2286.186887
2236.929329
2158.573666
2114.369318
2087.692235
2033.867163
2022.152919
1987.232557
1964.510660
1883.321631
1850.321458
1818.598079
1782.243628
1760.531048
1756.553801
1723.126464
1698.637787
1683.315572
1650.813168
1640.400105
1615.651115
1604.687661
1568.593887
1562.881903
1539.829110
1536.611354
1498.392753
1482.451377
1460.754173
1452.884605
1429.272670
1422.433585
1409.330366
1405.335437
1399.751789
1389.148100
1368.172891
1362.845233
1347.379296
1341.887543
1329.655335
1316.444669
1309.895566
1300.594407
1294.510002
1288.585667
1278.672877
1276.240813
1268.265999
1264.678088
1257.157944
1248.583888
1240.611318
1226.482048
1225.514704
1223.019581
1215.604033
1214.890433
1204.857905
1198.741490
1197.476634
1193.575252
1189.620022
1188.431607
1180.915597
1176.270098
1170.096230
1168.459520
1161.414008
1156.991066
1156.397644
1154.312581
1152.362111
1147.345148
1141.328694
1140.281041
1135.094248
1133.169407
1128.691966
1127.170083
1123.182601
1119.642465
1118.525290
1109.519001
1106.426095
1104.710644
1101.519984
1099.546732
1097.435619
1092.302743
1088.635917
1087.202540
1085.720351
1081.202548
1078.054331
1076.343060
1074.616783
1071.823693
1067.293791
1060.853603
1060.348038
1058.752857
1056.157212
1053.059667
1050.476000
1048.083245
1045.824573
1041.463590
1039.254606
1037.706428
1035.375505
1030.499974
1027.985178
1026.010174
1022.083220
1020.311700
1019.181148
1017.316841
1016.352695
1015.765597
1010.983848
1008.322537
1005.776123
1002.667868
1001.653181
999.418434
997.303288
993.967567
992.780051
989.838499
988.146421
984.180497
981.587510
979.876375
978.922014
974.585409
973.599054
970.685311
969.622564
968.227656
964.670999
963.195729
961.810339
960.754311
959.557223
956.127655
953.207698
951.701097
949.326926
945.223579
944.317463
943.139486
938.993909
937.140457
934.387989
932.311206
931.771805
930.803079
927.875430
925.864147
923.229099
921.669076
919.948770
917.813536
916.301461
913.428145
911.969769
910.519842
907.155325
906.227939
904.092774
902.268361
901.377374
899.907911
896.156903
892.802277
892.136434
891.011003
886.259820
885.375752
882.384668
881.559746
881.029994
879.023445
876.614117
872.401235
871.490540
869.832550
868.011454
865.633855
864.244488
863.555141
861.318723
860.491818
858.525822
858.230058
856.366229
853.918394
852.329278
851.342083
849.055915
847.549896
845.203995
844.052378
842.741569
841.695436
838.699604
837.243227
836.431857
834.318096
833.668596
829.854430
829.073728
828.656124
826.062342
825.505480
823.154558
822.070667
819.459021
817.085547
815.377719
814.194898
811.714454
811.146963
809.357173
807.785505
806.687038
804.334086
801.815754
801.087804
799.947281
798.167530
797.636610
796.809624
793.678067
791.931127
789.333898
788.982594
786.849730
785.849695
784.057498
781.753943
780.863852
779.650473
778.515894
776.094413
774.794684
773.607511
771.853908
770.866007
769.438569
767.091600
766.416072
764.694768
762.960759
760.595918
759.301156
759.028709
756.201274
753.916691
752.126657
750.941620
749.988641
748.496463
745.843505
743.776536
742.001299
741.584405
739.275810
737.343631
737.081917
733.912123
733.132686
731.635570
729.404332
728.801705
726.746567
725.722146
724.112527
722.679424
721.009368
720.449621
719.249456
716.695248
714.822191
713.625403
713.147031
712.482150
710.494374
709.654354
708.503845
707.361565
706.265838
705.947433
702.840073
701.685313
700.940085
699.094187
696.837410
694.112656
692.663720
691.428256
689.779205
689.208031
687.603572
686.507833
685.498298
684.923932
682.923787
680.461992
679.609494
676.375918
675.492903
674.667054
673.105983
671.770133
671.133990
670.766778
669.141460
667.839474
666.502391
665.124281
663.794605
662.646404
659.777179
658.846596
658.064898
657.102471
655.682920
655.374811
654.183495
652.660354
651.395038
649.738300
649.044400
647.943380
646.174001
645.081373
643.597357
641.419413
639.824839
638.286486
636.679163
635.056381
634.403479
633.443736
630.908787
630.027318
628.078421
626.320981
626.038948
624.273855
624.027611
621.649678
621.386969
619.974854
618.207518
616.970633
615.461482
615.085739
613.846504
611.051731
610.539228
608.975664
607.620360
606.170167
604.651097
602.936690
601.051776
600.524943
599.551124
598.085940
596.355657
595.992171
595.524116
592.779374
592.136309
590.458428
589.394454
588.319340
586.816521
586.161138
584.479894
582.929716
581.348088
580.856612
579.460937
578.804134
576.419281
575.071824
574.210983
572.085352
571.410911
570.964935
569.812994
568.753910
567.743078
566.812373
565.553195
565.365218
563.900884
562.781109
560.984351
560.438925
558.263443
557.025750
556.205018
554.330362
553.194909
552.550364
551.976420
550.416407
548.587568
547.186233
546.237240
545.988892
544.601274
543.464496
541.917646
541.092859
539.023152
537.774996
536.283847
534.197824
533.938388
533.343248
531.129607
529.842339
529.448838
528.115485
527.769567
525.883391
525.305462
523.632081
520.734204
520.337911
520.305485
518.954857
518.678926
516.945061
515.701507
514.603234
513.642975
512.243718
511.030563
510.838145
510.190110
508.017942
507.119957
505.359413
503.560019
502.745901
501.059127
500.676294
499.682510
497.737587
497.087931
496.687362
495.461325
493.795378
491.595979
489.672919
489.140039
488.053444
487.456495
486.136887
485.504406
483.979907
482.737700
482.096240
479.530718
479.216485
478.073500
476.445772
475.786764
475.411437
474.361589
473.300752
469.968453
469.307251
467.994830
467.186145
466.164471
465.207069
464.068673
463.942791
462.240252
461.845993
460.580153
459.433157
457.807901
456.969886
455.574483
454.587710
454.044623
452.786873
452.159337
450.998398
450.016482
449.601141
447.254415
446.147596
445.260308
444.734928
444.002019
441.186175
440.601327
438.784562
438.258307
437.009199
436.886010
434.691920
433.972048
433.338244
431.945215
430.745527
429.765053
427.651820
426.583019
426.103562
425.570699
423.618090
422.419502
421.999940
420.954182
419.286729
419.135208
417.399258
416.928232
414.767868
413.702542
412.321891
411.046779
410.148077
409.943739
408.869949
407.351483
407.072837
405.836226
405.562748
403.821221
401.912104
401.366450
399.154948
398.479264
398.275532
397.574846
396.320797
395.319456
394.264902
393.470485
391.363171
390.986995
389.504899
389.166607
387.984740
385.602922
384.171643
382.437113
382.211460
380.601850
380.021560
379.687716
379.363229
377.673358
376.393642
375.671598
373.742890
373.382781
372.270863
371.257367
370.841996
369.589023
367.242014
366.519376
365.696621
365.114048
364.419227
362.614744
361.294828
360.646875
359.087896
358.788103
357.310524
356.442382
354.796073
354.364413
353.163656
351.768031
351.216451
349.698188
348.276184
347.599149
347.022959
344.466041
344.281409
343.995799
342.834863
341.972474
340.097724
339.539674
338.938100
337.867063
337.215298
336.312163
334.695538
334.343947
331.451409
331.186681
330.498348
330.086769
327.801977
326.911875
325.514888
324.235320
323.887177
323.144817
321.877295
320.302626
319.563286
318.458033
318.150211
317.367209
315.176075
314.554732
313.624172
312.199276
312.074152
311.112003
310.383859
309.040393
307.966931
306.143491
304.231027
303.961751
303.338474
301.910197
300.760326
300.564842
299.300580
298.910970
296.919674
296.387658
295.267085
294.130944
292.489001
291.357812
290.901764
290.092764
288.362708
288.124268
287.254568
285.298780
285.270695
283.793679
283.197659
282.148474
280.331259
279.445117
278.160532
277.405152
276.352868
275.247290
274.048571
273.200289
272.689118
272.117162
270.955152
269.513455
267.568725
267.129559
265.845163
264.495423
263.837525
262.768343
261.952741
261.117869
260.181733
259.383732
258.299022
257.117780
255.973234
254.911871
253.419645
252.492097
251.106936
250.704601
249.363340
249.037261
248.016470
246.846179
245.076992
244.676960
242.418502
242.279028
240.425957
239.821467
239.062241
236.825444
236.374484
235.990303
235.845267
234.439666
233.363628
232.111594
231.470123
230.492607
228.539887
227.087078
225.506263
225.007218
224.541009
223.632164
223.187661
221.868451
221.361446
219.659546
218.577265
216.734818
216.320068
215.647548
214.276706
213.714613
212.287380
211.449665
210.484450
209.189470
208.051631
206.580970
205.852808
205.353416
203.902767
202.163935
201.662790
199.037157
198.765738
197.547555
195.695664
194.902201
193.768547
192.747409
191.699354
190.427059
189.977072
189.252624
188.704348
186.332800
185.867841
184.689118
183.046772
182.512399
181.696518
180.443855
179.963947
178.490678
178.336330
175.701131
174.630039
173.788649
172.166371
171.522715
170.692962
170.218355
168.694643
167.909699
166.492802
166.336212
165.242099
163.958877
162.540638
161.270171
160.837987
159.133471
156.470396
156.138169
154.895412
154.017363
152.589650
151.297731
148.759855
148.489255
146.810292
146.471273
145.751499
143.647811
142.499091
139.736470
139.481230
137.510469
135.550047
134.223919
134.038795
133.007846
131.876703
131.111082
129.206050
126.259218
125.910953
123.372436
122.107471
118.492667
117.489761
115.519031
113.390631
110.103111
