1067
129931.561455
17436.133251
15200.357029
10369.895707
7741.111072
6770.767259
6038.354256
5808.385276
5642.852270
5491.128308
5303.759462
5159.222864
5058.637211
5032.264361
5017.321087
4986.254918
4957.228667
4940.877585
4919.693783
4909.858823
4882.207184
4867.571927
4850.081866
4843.620353
4838.455063
4827.657282
4823.967695
4799.065761
4798.224127
4785.721101
4772.778138
4766.219907
4742.768963
4731.943809
4720.427138
4703.153344
4692.510166
4686.232572
4672.291502
4665.522673
4660.908632
4655.145088
4646.470551
4642.490946
4628.245376
4623.978010
4617.280892
4613.105481
4592.919102
4590.952405
4579.468297
4575.683461
4567.479979
4558.437912
4556.372676
4544.285607
4538.829514
4531.481523
4521.564689
4517.208844
4509.068082
4503.215261
4493.182967
4481.478338
4474.521470
4470.814788
4463.500533
4459.217293
4453.928989
4442.949924
4429.722501
4426.328775
4421.682813
4417.572708
4411.519432
4405.945256
4400.768311
4393.301822
4389.779007
4377.713416
4368.882354
4366.238564
4361.437950
4357.459307
4352.084940
4346.376091
4338.563611
4333.570283
4324.789067
4320.510879
4319.745988
4310.157498
4305.498683
4302.479791
4291.335004
4285.662687
4276.921000
4268.543157
4265.777862
4257.348955
4247.709157
4246.457990
4233.370712
4231.222800
4217.022155
4216.569994
4211.951866
4209.174055
4202.862393
4190.047297
4187.298672
4181.159363
4173.251995
4169.005498
4162.681451
4159.897016
4148.863008
4144.505339
4134.604095
4132.712794
4128.993858
4123.181726
4118.502270
4113.404346
4111.293253
4100.719663
4094.749170
4093.521269
4087.403174
4085.207957
4073.534242
4071.125620
4069.548834
4065.201577
4057.829733
4056.144235
4050.781809
4036.402132
4033.167909
4029.192415
4026.051409
4015.244325
4013.978624
4011.142507
4008.414540
3996.425753
3995.104508
3988.136425
3982.471461
3979.289348
3970.486265
3967.769724
3963.970242
3961.275414
3949.455285
3943.802195
3934.782601
3932.428083
3925.921058
3918.315291
3916.536806
3914.586061
3912.227753
3904.184006
3899.078541
3897.447761
3892.539818
3886.811771
3882.710412
3880.102557
3876.727979
3873.854701
3867.517558
3862.152423
3859.335441
3851.323799
3844.148829
3838.767669
3828.888350
3826.299524
3819.830900
3815.445631
3812.800167
3805.757587
3801.179339
3800.720522
3797.329250
3795.713940
3788.729065
3784.370655
3781.404041
3770.908730
3762.336331
3760.528610
3752.911882
3748.056106
3741.524959
3738.392892
3731.750348
3729.044309
3721.944686
3718.017132
3713.828412
3707.088438
3704.918495
3702.536190
3694.031176
3691.080513
3689.721820
3682.737310
3681.549835
3675.650159
3671.552152
3665.868136
3661.994230
3659.633065
3653.554565
3652.483551
3645.874242
3644.064731
3641.723281
3639.323910
3629.919450
3621.027975
3619.753378
3612.857495
3610.088159
3604.417749
3598.831852
3597.015411
3592.954192
3586.435685
3579.705004
3574.743664
3572.228517
3566.244754
3563.345237
3560.314401
3553.657759
3550.270376
3545.780413
3541.586979
3535.843081
3532.233242
3530.490268
3526.210062
3521.705665
3518.921032
3511.970462
3511.182875
3506.544785
3502.822550
3500.710453
3491.839301
3490.433726
3482.933238
3480.839958
3476.980962
3472.455163
3469.216126
3463.654444
3454.545715
3452.142641
3448.570644
3447.735785
3443.902096
3431.452042
3427.060907
3421.099643
3419.768340
3414.150805
3410.176603
3408.788699
3407.970839
3401.769063
3395.845444
3392.155859
3389.093314
3387.464215
3383.305479
3381.488310
3375.543151
3368.544031
3364.343568
3359.192020
3354.616054
3353.861016
3349.854675
3344.705765
3338.667260
3334.964593
3329.324788
3327.343450
3323.559575
3314.777901
3313.328359
3309.950618
3302.719128
3300.827423
3295.869035
3292.691794
3289.189423
3284.225993
3280.535261
3276.503819
3271.256640
3267.713576
3267.042123
3262.111166
3254.729157
3248.918727
3242.620086
3241.071130
3238.413892
3235.224540
3230.813242
3228.291419
3224.749505
3222.746813
3218.457568
3215.006019
3207.774479
3206.193929
3203.738947
3194.077436
3189.613802
3188.627355
3179.740265
3176.885788
3175.383845
3168.980353
3163.125903
3159.431602
3156.987961
3152.740494
3149.544507
3149.347616
3142.750584
3138.115594
3134.562346
3129.317982
3126.782508
3125.489735
3122.327256
3121.117943
3109.989608
3106.124714
3104.283898
3099.371411
3097.857139
3093.195132
3091.499995
3085.469407
3081.663223
3079.616583
3076.467713
3069.773692
3067.177187
3065.126200
3063.052396
3055.834406
3051.857857
3050.671696
3046.553377
3043.984318
3038.010961
3035.914072
3029.755378
3025.455137
3024.990137
3019.052746
3012.110654
3007.871133
3002.402376
3001.178298
2999.188848
2996.464604
2991.887693
2986.825288
2982.762137
2978.161454
2976.665517
2973.751159
2968.742350
2964.800317
2963.266556
2962.660305
2954.464502
2952.227084
2944.275081
2942.627503
2941.858794
2935.726153
2932.388636
2929.001254
2924.681859
2918.323807
2915.823219
2911.240673
2909.571459
2906.851904
2903.133426
2898.104037
2892.291214
2888.597080
2883.958459
2880.871441
2876.659566
2872.726878
2869.630507
2858.608939
2857.313609
2853.241913
2849.942396
2846.766188
2840.149399
2837.180157
2836.247304
2830.594334
2829.698153
2825.630317
2819.691487
2815.844264
2813.157997
2812.234897
2807.315456
2801.904299
2799.140744
2794.570710
2790.438976
2788.411624
2787.260150
2785.126605
2781.619069
2772.828727
2768.928582
2767.835921
2766.197601
2759.418861
2755.187004
2754.469650
2750.469214
2746.194279
2740.492155
2736.706936
2734.338519
2729.944197
2727.680576
2724.960980
2720.762628
2717.424799
2714.873565
2705.411015
2703.567379
2700.829421
2697.917712
2692.398087
2690.120121
2683.097741
2682.526533
2681.756776
2676.835530
2672.629430
2667.501443
2666.938688
2662.143818
2655.386638
2654.663499
2651.452140
2647.774013
2642.375512
2637.681526
2636.465607
2632.490284
2625.716795
2622.489058
2617.514192
2616.290938
2614.258270
2612.845072
2608.688761
2606.042363
2601.489806
2597.366288
2595.173501
2590.850862
2586.958986
2583.472169
2580.891951
2574.416747
2572.281137
2567.105143
2562.702219
2558.599684
2557.000462
2555.145470
2549.966818
2544.918419
2540.886484
2539.389609
2535.985261
2530.995853
2526.135980
2522.870012
2519.715638
2516.863078
2513.303464
2509.248632
2504.846883
2502.116634
2498.375044
2495.090058
2490.587778
2485.510361
2483.218569
2478.460883
2476.042830
2475.045823
2468.795321
2465.138529
2461.901130
2457.805223
2456.417964
2453.134806
2449.358238
2448.327630
2445.025285
2443.912892
2435.771774
2432.097420
2430.639573
2426.967904
2422.575509
2419.275099
2414.880640
2411.996065
2410.812679
2403.025478
2400.232847
2397.898662
2391.417636
2389.806970
2387.951649
2383.650095
2378.894475
2377.716031
2374.768130
2372.655251
2371.337935
2365.988298
2361.309476
2357.942443
2357.259385
2350.574177
2346.383481
2343.294820
2338.311886
2332.913095
2329.848007
2327.119632
2324.284171
2319.550312
2316.129577
2314.504022
2312.810593
2309.877136
2308.508580
2305.105718
2299.534526
2294.099424
2288.382031
2285.940748
2283.702462
2282.156239
2276.869168
2273.599304
2271.264299
2269.304845
2265.036424
2262.777607
2259.627558
2252.136480
2248.214558
2247.999132
2244.065363
2239.541422
2235.288225
2234.183434
2233.372551
2226.126139
2223.253852
2219.903846
2217.155762
2212.210596
2211.345609
2207.613448
2203.116187
2200.703018
2196.685583
2193.816728
2192.346955
2187.070672
2182.883491
2179.526542
2172.623293
2170.489146
2169.140188
2162.872302
2158.155804
2153.886595
2152.818432
2148.249913
2147.319759
2142.579443
2139.581833
2136.256851
2133.805583
2132.121214
2125.871412
2123.288811
2118.188020
2116.611401
2115.110806
2111.511693
2107.226139
2100.464758
2099.229581
2098.723417
2090.194092
2089.311730
2084.128411
2082.515282
2076.268415
2071.017953
2069.569528
2062.896522
2059.447609
2057.166986
2055.683598
2051.282842
2048.539552
2044.773546
2042.243380
2039.933485
2035.805730
2033.177883
2030.650238
2028.282682
2025.116707
2021.363666
2019.214984
2014.520936
2010.807221
2003.407803
2001.328202
2000.990698
1996.440596
1990.590808
1987.765551
1984.000447
1980.407280
1976.584131
1973.623134
1970.062343
1966.817035
1964.275701
1961.119365
1956.921813
1953.768180
1951.262815
1949.056620
1946.071746
1944.112368
1940.190595
1937.564350
1929.691612
1923.531838
1921.222089
1916.711844
1915.837176
1912.052539
1909.432158
1906.688368
1902.963372
1901.101329
1896.650418
1894.663573
1890.587972
1886.014300
1882.524536
1881.725209
1879.401975
1872.322012
1871.410562
1869.394174
1863.875803
1862.024183
1857.781140
1855.134726
1852.607821
1847.572123
1844.627472
1840.783425
1840.518288
1835.341416
1830.761612
1829.816674
1822.481159
1821.113339
1815.095622
1810.800366
1808.172919
1805.634229
1800.195312
1794.308689
1793.837327
1787.989658
1787.630105
1782.506295
1780.238899
1776.946370
1773.390184
1770.136504
1766.776074
1765.417165
1763.080889
1755.487297
1753.474177
1750.486256
1749.877912
1748.941867
1743.188904
1737.813058
1735.467412
1734.386315
1729.476988
1726.523644
1725.575542
1722.432325
1717.607472
1711.848104
1711.236841
1705.104967
1702.238218
1699.181055
1695.897909
1692.178672
1690.657727
1687.652592
1682.695449
1681.707965
1678.170248
1675.336630
1671.727726
1668.432295
1665.721968
1661.216886
1656.064484
1655.047258
1650.135723
1649.292687
1646.344361
1645.400186
1640.895111
1640.337587
1633.613928
1630.921358
1629.667725
1625.784327
1621.799196
1617.688300
1617.036295
1614.429096
1611.784454
1607.480832
1602.622571
1598.445368
1592.757839
1588.947908
1588.136720
1584.428522
1581.611782
1580.117738
1578.178313
1572.442562
1571.292606
1566.287626
1559.178186
1557.752085
1551.576651
1549.335697
1547.164386
1541.417102
1537.284660
1534.895607
1532.169433
1527.774249
1525.537979
1519.823966
1516.821046
1514.379417
1512.644269
1509.677609
1505.314023
1501.874249
1500.519686
1496.572470
1493.185872
1490.499673
1487.437727
1483.986737
1482.411294
1476.761840
1472.586657
1470.985641
1468.726027
1463.551732
1460.201990
1456.382461
1451.092798
1446.753069
1444.816200
1440.766601
1438.410835
1437.532049
1434.133609
1430.581970
1427.244281
1425.946727
1422.553149
1419.528795
1413.039820
1411.739677
1408.676302
1405.263440
1403.001411
1400.741711
1397.673926
1396.837981
1394.325544
1387.276993
1386.148072
1382.772867
1380.109880
1375.586269
1370.530610
1367.054070
1364.474417
1359.735749
1357.567551
1353.183510
1352.066006
1349.705185
1347.817602
1340.238849
1337.952484
1333.338947
1325.843904
1324.937640
1320.419720
1316.428529
1315.192843
1311.771047
1307.705769
1304.153483
1299.510966
1298.905340
1291.772177
1287.071429
1286.226643
1283.591745
1278.481981
1273.417900
1272.609234
1268.681680
1267.545899
1262.225270
1259.101540
1257.543275
1252.732249
1247.590060
1244.337398
1239.332787
1237.315676
1233.994591
1228.560486
1227.324428
1224.570041
1218.478356
1215.696750
1213.538680
1207.635922
1207.222089
1200.144528
1194.814460
1194.109299
1192.525301
1185.974197
1183.156274
1181.434318
1179.023665
1175.157618
1171.113420
1168.591843
1166.957491
1161.240543
1159.029502
1154.707911
1151.217632
1150.000778
1144.887621
1143.878341
1137.243877
1135.836710
1133.515955
1129.674397
1127.914570
1123.535134
1122.693773
1119.894667
1117.760764
1109.341685
1104.498428
1101.333707
1097.450478
1095.325047
1090.881547
1089.599843
1086.166098
1084.512561
1080.656218
1073.079220
1070.578020
1069.073069
1065.195802
1063.372325
1061.397758
1057.974606
1055.909009
1050.054385
1043.948441
1040.221613
1037.977464
1033.552906
1033.197110
1028.190257
1025.452550
1016.585500
1015.716559
1012.804493
1008.351377
1007.206889
1004.900210
1002.209839
996.306389
990.749787
986.182545
982.462912
979.656594
977.203952
972.748036
972.155924
964.636543
960.766851
959.030655
954.010367
952.744095
948.462166
944.960434
941.243977
938.982139
936.891918
930.310958
929.542834
925.184740
921.608123
917.814996
910.464347
909.579965
906.339869
905.940266
903.635551
898.778287
895.721267
887.976767
885.119664
883.559100
879.841402
874.677464
871.689982
868.544279
862.530622
858.161434
852.146456
850.806933
846.973268
840.371251
839.152229
834.713826
827.600954
825.695823
824.595364
819.459380
817.414401
815.872701
810.242339
806.725581
802.759613
802.358658
799.740102
798.045415
788.919773
786.822429
782.126596
779.560359
773.135917
766.015982
763.575651
760.413905
754.037246
752.794456
748.689238
742.757707
738.876479
734.329198
729.393288
725.624694
719.922992
713.133351
709.289907
706.213142
702.983831
697.204562
693.521073
685.840034
680.866733
679.132494
674.567330
672.661582
665.811584
659.517835
654.018085
650.109347
647.520659
642.844082
638.871990
634.061090
631.697201
627.875720
619.066274
615.216921
613.019646
608.167138
601.489362
597.511348
596.146229
587.659068
584.960834
582.068945
573.423410
566.306046
557.568080
550.404489
539.284721
533.132874
517.985942
496.630646
