1067
99946.451953
17836.884849
16761.777258
10879.372843
7225.721120
5939.705891
5664.888333
5335.500330
5168.721001
5051.876140
4862.697997
4799.791025
4760.628887
4752.245006
4730.960964
4721.685754
4709.734965
4693.106768
4681.649254
4664.909276
4656.596288
4643.660506
4635.204738
4612.143046
4600.539864
4591.151889
4585.581157
4569.910446
4560.836775
4554.370373
4550.169703
4543.124759
4535.402832
4526.166720
4507.367198
4501.882319
4497.719556
4483.286678
4471.203162
4469.202356
4463.636741
4452.535533
4447.541735
4438.485174
4422.514665
4413.015216
4398.776242
4398.094766
4394.410249
4386.557534
4381.364533
4370.029484
4367.272859
4360.718419
4358.265525
4348.140330
4345.864896
4333.381234
4326.194938
4318.495518
4305.823397
4305.089711
4295.513447
4292.201747
4287.637261
4281.171553
4276.003998
4274.513210
4265.202347
4258.120841
4254.439643
4246.843161
4241.758774
4226.974964
4219.507167
4210.839583
4203.182562
4196.822147
4193.689318
4192.047963
4187.047792
4180.436272
4174.548140
4167.594846
4162.428593
4156.046243
4145.873257
4141.082411
4136.874596
4129.151656
4125.518623
4119.338366
4116.402097
4112.618490
4104.000584
4098.830182
4089.222360
4088.580525
4083.799496
4082.468595
4078.484160
4072.541278
4055.672784
4054.133718
4050.237040
4047.153971
4039.950616
4033.278280
4025.968414
4021.196750
4012.397527
4009.375065
4007.509952
4003.515964
3998.031352
3989.508005
3988.201496
3985.678695
3978.237767
3967.746679
3965.413331
3960.902031
3953.804393
3945.472219
3944.279214
3935.989687
3931.125301
3930.088469
3925.050312
3920.560741
3913.778005
3910.414545
3909.021148
3903.227994
3901.318133
3891.106987
3887.592843
3878.455098
3873.860661
3869.108813
3865.682355
3855.142718
3852.233354
3846.443697
3844.953943
3839.140481
3832.475130
3828.604259
3827.590811
3821.164234
3816.185052
3803.115470
3802.435595
3793.816330
3790.798731
3789.779695
3783.408512
3780.422181
3776.602034
3769.347372
3767.731124
3762.911270
3758.020760
3750.142722
3747.296791
3740.776309
3735.716656
3735.330520
3732.487059
3722.495262
3720.175804
3712.799738
3710.306569
3708.706692
3699.470644
3690.435595
3688.454087
3682.642747
3679.727153
3678.575263
3668.536254
3663.823023
3661.665317
3657.978699
3653.968701
3649.014930
3644.344403
3642.958296
3637.699799
3630.939516
3629.956817
3627.087109
3623.358619
3622.958950
3614.749496
3606.110817
3601.097630
3592.289369
3588.537066
3585.999369
3580.771535
3576.876616
3572.205495
3570.389701
3565.387341
3563.839582
3558.183310
3556.500919
3553.496816
3546.091909
3540.230499
3536.967442
3534.817538
3527.755525
3523.087246
3521.965682
3516.938360
3513.041742
3511.448479
3506.794512
3504.040469
3497.902613
3490.105366
3488.182120
3484.850632
3478.333839
3472.780185
3468.986425
3465.621774
3459.440528
3453.936239
3446.525201
3442.247881
3436.573559
3434.580124
3434.132948
3427.119315
3425.773918
3424.189347
3419.327066
3413.660264
3409.303735
3403.743801
3401.346987
3397.413131
3391.542301
3390.999963
3385.819247
3383.227971
3377.473812
3376.047391
3374.227963
3366.081288
3360.483600
3356.962120
3350.589261
3348.098051
3345.785166
3339.044971
3330.892953
3329.678652
3325.484488
3319.146895
3316.443656
3307.082451
3305.770099
3296.040492
3294.660253
3289.734156
3285.353404
3278.917407
3278.343635
3276.213604
3272.984689
3270.473849
3265.572744
3263.182765
3258.892302
3257.376881
3252.765747
3247.626137
3243.915673
3234.686253
3230.338291
3227.547710
3226.170723
3219.491943
3218.474292
3214.279033
3210.829988
3207.523381
3200.703877
3197.383953
3194.348462
3191.094159
3190.350460
3185.475782
3179.228487
3175.391643
3169.303162
3166.148055
3162.354823
3160.460451
3153.356837
3149.943808
3145.948559
3139.778801
3133.401158
3132.853735
3130.912537
3128.985961
3124.302997
3120.260937
3118.843246
3113.096948
3110.839235
3105.989592
3101.573207
3092.907316
3090.746594
3088.763137
3086.447252
3083.062304
3077.858524
3074.862074
3074.339510
3066.624331
3063.701342
3057.046237
3055.866564
3050.275027
3046.441309
3045.783958
3041.299856
3039.586077
3032.373783
3028.842153
3021.921539
3020.392253
3017.253575
3012.048426
3010.805737
3004.615324
2998.686207
2995.567413
2990.580769
2989.733180
2987.689200
2984.175031
2978.845094
2977.196910
2971.844254
2966.371358
2962.229716
2960.056854
2956.877304
2952.286116
2947.828804
2944.787809
2942.478265
2936.284464
2933.561244
2930.566086
2927.271459
2924.829885
2923.913609
2915.688633
2914.584613
2909.988520
2904.566239
2900.433124
2897.841347
2893.440499
2890.782882
2886.248978
2883.538169
2879.383739
2876.985739
2870.596947
2868.140878
2865.135634
2862.048548
2858.708815
2853.492908
2851.279852
2850.148352
2841.338467
2834.896881
2834.643758
2830.949944
2826.410939
2820.853889
2817.350073
2812.943915
2810.755804
2805.006712
2800.966899
2797.876392
2793.438167
2789.398462
2788.260407
2784.542822
2780.113549
2776.639484
2775.558288
2772.344587
2767.915350
2766.153197
2763.459836
2759.095206
2757.166551
2753.403928
2752.062413
2748.614230
2745.105174
2741.091052
2739.349079
2736.738878
2731.640733
2725.700323
2721.352265
2719.110436
2714.778281
2709.200279
2703.624193
2702.224381
2700.043039
2695.866782
2693.223653
2685.886909
2681.719757
2679.217977
2677.834978
2673.282369
2671.378332
2663.859887
2661.693981
2658.396762
2656.690383
2650.568988
2648.931955
2646.050303
2642.763327
2638.606454
2637.066472
2633.566977
2625.523131
2622.802490
2621.442127
2618.980160
2617.184108
2614.420809
2605.889236
2603.344145
2600.882264
2594.692286
2591.321993
2587.750595
2586.058694
2583.693265
2580.630343
2578.871385
2573.504427
2573.279086
2566.791125
2564.419675
2559.857346
2557.545002
2555.232905
2551.963926
2547.842112
2539.644500
2537.463398
2536.773044
2533.555684
2530.078267
2522.455771
2521.225265
2516.249812
2512.265145
2509.127729
2507.934859
2505.644697
2500.838344
2499.744962
2496.188923
2488.491715
2487.217301
2484.878544
2481.942106
2477.539193
2475.506146
2467.850974
2465.213944
2460.233541
2457.797866
2454.980742
2451.525480
2450.249251
2443.813268
2441.252506
2439.523498
2433.464975
2430.370379
2428.074908
2425.847410
2423.716649
2419.078837
2414.780978
2408.876741
2404.184369
2403.141588
2402.427605
2400.079181
2396.860490
2390.652716
2384.985258
2383.555400
2381.236084
2375.647552
2369.511374
2366.052177
2364.365334
2361.260106
2357.228322
2352.886489
2347.615552
2346.417564
2345.789835
2341.594702
2338.378256
2332.842198
2331.131857
2329.605152
2324.753443
2318.564747
2316.467623
2314.993288
2310.978408
2307.016793
2304.456366
2299.894558
2298.014245
2293.964272
2291.858456
2287.521985
2284.022673
2281.303205
2274.573633
2272.638154
2271.261666
2266.878534
2259.569189
2258.408241
2256.382310
2250.985627
2243.411119
2240.897957
2238.346432
2237.288256
2230.761408
2228.145745
2226.678772
2224.156701
2218.226884
2216.963649
2213.874606
2211.331575
2208.184326
2206.182241
2202.509380
2200.292866
2197.716283
2194.688615
2192.791543
2187.880692
2182.679441
2180.754779
2176.259908
2173.169826
2172.164623
2170.092236
2164.928693
2162.910858
2158.512931
2157.950626
2154.858092
2148.278746
2142.475861
2139.788971
2136.598963
2135.481513
2133.976644
2131.082769
2126.648749
2120.014235
2117.890534
2114.560931
2112.049946
2105.999931
2103.035374
2099.305254
2097.450500
2096.263715
2090.368514
2089.126168
2084.415935
2082.728842
2078.582524
2075.915531
2074.870739
2072.207752
2066.054413
2061.990038
2059.650606
2055.630937
2054.504223
2051.563388
2049.124054
2043.240156
2039.480996
2033.106353
2031.487804
2030.036921
2026.869831
2020.384283
2019.369325
2013.109563
2011.897977
2009.797934
2006.815547
2004.325565
1998.214098
1994.767297
1992.934011
1989.743446
1986.767507
1982.963178
1981.401234
1979.024341
1972.885470
1972.523728
1968.200302
1964.975148
1964.485852
1959.204833
1953.943693
1951.964679
1945.781591
1942.473907
1941.520742
1936.378094
1933.257170
1932.263522
1929.551216
1924.196394
1921.562466
1917.167229
1916.033049
1913.099858
1911.967710
1910.153383
1905.816138
1898.968218
1897.603505
1895.442651
1892.531931
1886.700670
1881.008408
1879.109564
1877.982504
1875.689581
1874.793932
1869.639227
1865.361414
1860.255162
1859.008416
1857.064257
1853.528993
1846.864345
1843.080466
1838.957709
1837.550719
1835.959365
1832.057961
1829.666459
1828.486301
1823.381630
1818.083202
1812.237882
1810.302032
1808.716828
1806.396873
1802.597597
1799.950533
1796.109412
1792.032834
1788.878271
1787.209518
1785.328579
1781.302715
1777.453985
1775.048673
1771.863853
1769.419473
1765.972701
1762.504717
1757.832858
1754.680069
1752.162991
1750.585887
1743.847783
1741.917349
1740.272777
1734.824225
1733.833095
1729.707088
1724.247370
1723.043570
1719.808896
1715.822761
1713.593677
1709.541855
1707.933794
1705.859797
1702.267630
1700.891348
1698.844206
1692.525547
1690.474295
1685.438020
1680.749554
1678.789527
1672.700225
1670.221715
1667.905257
1663.635675
1661.524205
1658.497345
1655.603369
1651.884978
1650.163937
1645.558647
1644.260882
1639.531327
1638.495590
1637.861690
1633.578260
1629.855411
1628.634644
1621.392168
1614.889240
1611.297133
1609.684374
1606.114924
1602.526289
1601.499445
1599.136475
1597.028944
1593.534123
1590.131611
1585.728216
1580.598893
1578.526519
1573.651560
1571.502153
1567.944216
1565.709938
1562.785030
1557.126640
1550.951003
1550.927979
1546.244138
1544.195257
1539.218833
1538.977006
1534.557763
1531.474389
1529.563431
1528.709622
1523.964497
1521.117990
1520.471401
1519.173004
1514.313229
1509.959138
1502.826021
1500.880316
1499.038149
1497.730611
1494.868972
1492.517550
1488.196820
1484.802278
1483.480065
1482.287864
1473.633143
1471.412956
1469.539551
1465.238607
1464.279182
1461.296759
1454.736969
1452.840779
1450.392236
1447.909303
1444.616294
1437.838612
1433.946306
1433.292507
1430.019072
1425.162011
1422.988005
1416.477358
1414.765970
1414.422199
1412.575518
1408.135605
1407.543004
1402.281355
1397.457034
1393.761187
1392.322039
1387.920914
1385.656215
1382.797094
1379.809657
1372.111855
1369.553631
1366.277802
1365.477796
1363.305617
1361.157759
1355.596495
1355.201747
1351.949821
1345.415283
1342.187207
1337.420726
1336.461558
1333.478158
1331.302936
1327.247505
1322.973587
1322.367262
1319.207593
1316.423157
1311.683794
1307.445387
1305.778546
1304.281143
1299.018442
1298.239024
1293.914903
1292.338646
1289.070547
1280.866685
1278.875741
1272.641981
1271.691137
1270.448485
1267.726897
1264.188345
1261.535069
1259.460977
1255.581965
1252.292500
1246.656675
1245.051157
1242.071371
1237.666032
1235.182312
1233.631958
1229.975711
1226.252278
1221.392829
1219.131535
1216.736331
1212.527075
1210.307235
1205.657359
1200.036476
1196.722008
1192.189884
1190.350883
1185.385556
1182.605148
1181.311694
1178.861553
1175.225364
1171.597602
1167.637119
1163.372851
1162.736829
1162.044236
1160.885224
1153.253050
1152.236443
1149.419000
1146.901034
1143.753833
1141.079671
1137.428750
1133.305705
1132.655030
1128.349244
1123.402228
1119.227368
1117.894459
1114.242534
1110.113488
1108.567563
1105.826739
1103.831852
1098.037626
1093.395727
1090.658746
1088.595043
1087.408201
1081.451024
1077.628156
1075.424066
1069.614749
1068.621367
1065.289739
1061.795902
1057.433649
1049.825043
1046.669433
1046.320033
1042.997810
1039.984951
1038.414574
1034.710007
1032.311322
1029.875694
1022.163696
1020.366538
1016.452229
1013.432832
1012.191728
1008.874173
1006.324030
1005.624735
997.056907
995.759697
993.911670
989.686462
985.311796
974.182766
973.608648
971.242313
969.628614
965.219675
963.875872
958.065686
956.360463
954.311131
948.748771
947.727868
944.012210
940.024584
936.894968
929.867255
927.189537
923.105218
921.280173
915.734986
914.731642
908.399105
905.927091
904.595493
897.992666
895.860660
891.095481
889.094343
884.355884
881.789351
880.755752
876.922504
876.065101
871.349831
869.689590
860.858060
856.473439
853.135239
848.588021
847.355514
841.422076
840.091276
838.442523
835.624198
828.078255
827.655006
822.992942
821.728860
818.254088
816.171835
809.505084
806.790411
804.469150
801.173287
796.535076
792.480625
788.561046
786.568320
782.906758
779.444169
773.907568
767.767692
765.155225
762.046592
759.823185
756.089964
755.208809
751.287581
748.395804
745.619501
737.886506
733.666028
731.144537
729.688471
727.722865
714.843259
710.881699
708.703824
705.112466
698.903046
693.815368
690.107609
685.459275
681.951442
675.120906
673.462143
670.968501
668.442234
662.042685
659.414000
657.412218
648.266288
647.894460
646.647634
631.063978
627.561048
623.781582
621.380131
619.359663
616.038998
608.479635
604.257219
596.631382
591.490276
589.670708
587.967431
585.595304
577.520644
574.417167
566.945676
560.698207
555.845031
545.770332
543.390529
530.391828
525.017162
514.597933
498.316456
491.116690
